#trophic
0.2857143 0.4285714 0 0 0 0 0 0.4285714 0 0 0 0 0 0
0 0 0 0 0 0 0 0 0 0 0 0 0 0
0 0 0 0.3333333 0 0 1 0 1 0 0 0 0 1
0.3452381 0.08333333 0 0.04861111 0.08333333 0.03333333 0 0.08333333 0 0.03333333 0 0 0.0625 0
0.8571429 1 0 0.08333333 0 0 0.6666667 1 0 0 0 0 0 0.4444444
0.3142857 0.4 0 0.05 0 0 0.8222222 0.4 0.75 0 0 0 0 0.8
0.6190476 0.6666667 0 0 0 0 0.01234568 0.6666667 0 0 0 0 0 0
0 0 0 0 0 0 0 0 0 0 0 0 0 0
0.6964286 1 0 0 0 0 0.1944444 1 0 0 0 0 0 0
0.2857143 0.2 0 0.15 0 0 0.9111111 0.2 0.725 0 0 0 0 0.7555556
0 0 0 0.1875 0 0 0.9930556 0 0.9921875 0 0 0 0 1
0 0 0 0.01086957 0 0 0.9275362 0 0.05978261 0 0 0 0 0.3574879
0.3928571 0.25 0 0.02083333 0 0 0.1388889 0.25 0 0 0 0 0 0
0.5873016 0 0 0 0 0 0.01234568 0 0 0 0 0 0 0.01234568
#positive
0 0.03571429 0 0 0.1428571 0.1142857 0 0 0 0.02857143 0 0.00621118 0.03571429 0
0 0 0 0 0.625 0 0 0 0 0 0 0 0 0
0 0 0 0 1 0 0 0 0 0 0 0 0 0
0.01190476 0 0 0 0.4166667 0.15 0.02777778 0 0 0.06666667 0 0 0.0625 0.03703704
0 0 0 0 0.5 0.7 0 0 0 0.7 0.0625 0.04347826 0.375 0
0 0 0 0 0 0 0 0 0 0 0 0 0 0
0 0 0 0 0.3333333 0.3111111 0 0 0 0.02222222 0 0.009661836 0.08333333 0
0 0 0 0 0 0 0 0 0 0 0 0 0 0
0 0 0 0 0.375 0.1 0.02777778 0 0 0.25 0 0.005434783 0.0625 0
0 0 0 0 0.3 0 0 0 0 0 0 0 0 0
0 0 0 0 0.8125 0 0 0 0 0 0 0 0.015625 0
0 0 0 0 0.02173913 0 0 0 0 0 0 0 0 0
0 0 0 0 0 0 0 0 0 0 0 0 0 0
0 0 0 0 0.05555556 0.2666667 0 0 0 0.04444444 0 0 0.02777778 0
#negative
0.04081633 0 0 0 0 0.08571429 0 0 0 0.05714286 0 0 0 0
0 0.75 1 0 0.875 0.9 0 1 0 0.25 1 1 1 0
0 0 0 0 0 0.6 0 0 0 0.6 1 0.9565217 0.5 0
0 0 0 0 0.08333333 0 0 0 0 0 0 0 0 0
0 1 1 0.08333333 0.5 1 0 1 0 0.8 1 1 1 0
0 1 0.4 0 1 0.76 0 0.4 0 0.04 1 1 1 0
0.04761905 0 0 0 0 0 0.01234568 0 0 0 0 0 0 0
0 1 1 0 0.5 0.8 0 0 0 0 1 1 1 0
0 0 0 0 0 0.025 0 0 0 0.05 0 0 0 0
0 0.05 0.2 0 0.4 0.04 0 0 0 0.76 0.3875 0.1130435 0 0
0 1 0.75 0 0.21875 1 0 0 0 0.225 0.9375 1 1 0
0 1 0 0 0.9782609 1 0 0 0 0.0173913 1 0.952741 1 0
0 1 0.75 0 0.75 0.95 0 0.75 0 0.25 1 1 0.75 0
0.01587302 0 0 0 0 0 0.01234568 0 0 0 0 0 0 0
