# INTPOS INTNEG X0 Y BIOMASS BIOMASSPVALUE NBSPECIES NBSPECIESPVALUE
0.01 0.01 0.2227 10 8.006254 0.002 14 0 
0.01 0.02 0.2227 10 7.927415 0.002 14 0 
0.01 0.05 0.2227 10 7.677157 0.006 14 0 
0.01 0.1 0.2227 10 7.221989 0.014 14 0 
0.01 0.2 0.2227 10 6.230245 0.13 14 0 
0.01 0.3 0.2227 10 6.19347 0.002 12 0.012 
0.01 0.4 0.2227 10 6.772679 0 12 0 
0.01 0.5 0.2227 10 7.583123 0 11 0 
0.01 0.6 0.2227 10 8.793123 0 11 0 
0.01 0.8 0.2227 10 14.93203 0.018 10 0.012 
0.01 0 0.2227 10 8.082574 0.28 14 0 
0.01 1 0.2227 10 191.393 0.01 10 0 
0.02 0.01 0.2227 10 8.019307 0.004 14 0 
0.02 0.02 0.2227 10 7.942931 0.002 14 0 
0.02 0.05 0.2227 10 7.699714 0.006 14 0 
0.02 0.1 0.2227 10 7.254692 0.018 14 0 
0.02 0.2 0.2227 10 6.273967 0.148 14 0 
0.02 0.3 0.2227 10 6.20378 0.002 12 0.012 
0.02 0.4 0.2227 10 6.783102 0 11 0.002 
0.02 0.5 0.2227 10 7.59333 0 11 0 
0.02 0.6 0.2227 10 8.802439 0 11 0 
0.02 0.8 0.2227 10 14.93285 0.02 10 0.014 
0.02 0 0.2227 10 8.093134 0.256 14 0 
0.02 1 0.2227 10 190.3297 0.01 10 0 
0.05 0.01 0.2227 10 8.061496 0.026 14 0 
0.05 0.02 0.2227 10 7.991515 0.01 14 0 
0.05 0.05 0.2227 10 7.767587 0.014 14 0 
0.05 0.1 0.15 10 9.896675 0.036 14 0 
0.05 0.1 0.15 11 9.935927 0.038 14 0 
0.05 0.1 0.15 13 9.954896 0.046 14 0 
0.05 0.1 0.15 14 9.944504 0.042 14 0 
0.05 0.1 0.15 5 8.849444 0.012 14 0 
0.05 0.1 0.15 7 9.540358 0.03 14 0 
0.05 0.1 0.15 9 9.827246 0.036 14 0 
0.05 0.1 0.1 10 12.82102 0.022 14 0 
0.05 0.1 0.1 11 12.99851 0.02 14 0 
0.05 0.1 0.1 13 13.24886 0.022 14 0 
0.05 0.1 0.1 14 13.33558 0.022 14 0 
0.05 0.1 0.1 5 10.69559 0.022 14 0 
0.05 0.1 0.1 7 11.92305 0.02 14 0 
0.05 0.1 0.1 9 12.59484 0.022 14 0 
0.05 0.1 0.2227 10 7.352347 0.034 14 0 
0.05 0.1 0.2227 10 7.352347 0.034 14 0 
0.05 0.1 0.2227 11 7.318171 0.046 14 0 
0.05 0.1 0.2227 13 7.229375 0.058 14 0 
0.05 0.1 0.2227 14 7.17952 0.076 14 0 
0.05 0.1 0.2227 5 7.016759 0.016 12 0 
0.05 0.1 0.2227 7 7.337589 0.018 13 0.162 
0.05 0.1 0.2227 9 7.374408 0.03 14 0 
0.05 0.1 0.3 10 5.777619 0.024 12 0 
0.05 0.1 0.3 11 5.735389 0.028 12 0 
0.05 0.1 0.3 13 5.64089 0.042 12 0.016 
0.05 0.1 0.3 14 5.590334 0.074 13 0 
0.05 0.1 0.3 5 5.80436 0.028 12 0 
0.05 0.1 0.3 7 5.846473 0.018 12 0 
0.05 0.1 0.3 9 5.813151 0.024 12 0 
0.05 0.1 0.4 10 4.555299 0.016 12 0 
0.05 0.1 0.4 11 4.49625 0.022 12 0 
0.05 0.1 0.4 13 4.384346 0.026 12 0 
0.05 0.1 0.4 14 4.331265 0.03 12 0 
0.05 0.1 0.4 5 4.93793 0.05 11 0 
0.05 0.1 0.4 7 4.757715 0.016 12 0 
0.05 0.1 0.4 9 4.61712 0.016 12 0 
0.05 0.1 0.5 10 3.86571 0.012 12 0 
0.05 0.1 0.5 11 3.788139 0.012 12 0 
0.05 0.1 0.5 13 3.654532 0.018 12 0 
0.05 0.1 0.5 14 3.5957 0.02 12 0 
0.05 0.1 0.5 5 4.443089 0.062 10 0.002 
0.05 0.1 0.5 7 4.138172 0.01 11 0 
0.05 0.1 0.5 9 3.952934 0.012 12 0 
0.05 0.2 0.2227 10 6.408336 0.146 14 0 
0.05 0.3 0.2227 10 6.236203 0.002 12 0.012 
0.05 0.4 0.2227 10 6.815699 0 11 0.006 
0.05 0.5 0.2227 10 7.625274 0 11 0 
0.05 0.6 0.2227 10 8.83189 0 11 0 
0.05 0.8 0.2227 10 14.9386 0.018 10 0.014 
0.05 0 0.2227 10 8.129071 0.22 14 0 
0.05 1 0.2227 10 187.2234 0.008 10 0 
0.1 0.01 0.2227 10 8.134847 0.056 14 0 
0.1 0.02 0.2227 10 8.071867 0.026 14 0 
0.1 0.05 0.2227 10 7.871613 0.016 14 0 
0.1 0.1 0.2227 10 7.499487 0.024 14 0 
0.1 0.2 0.2227 10 6.624888 0.102 14 0 
0.1 0.3 0.2227 10 6.294528 0.004 12 0.016 
0.1 0.4 0.2227 10 6.873874 0 11 0.006 
0.1 0.5 0.2227 10 7.682377 0 11 0 
0.1 0.6 0.2227 10 8.885424 0 11 0 
0.1 0.8 0.2227 10 14.9582 0.01 10 0.012 
0.1 0 0.2227 10 8.19602 0.182 14 0 
0.1 1 0.2227 10 182.3126 0.008 10 0 
0.2 0.01 0.2227 10 8.275002 0.096 14 0 
0.2 0.02 0.2227 10 8.217299 0.054 14 0 
0.2 0.05 0.2227 10 8.037853 0.018 14 0 
0.2 0.1 0.2227 10 7.716002 0.01 14 0 
0.2 0.2 0.2227 10 6.973207 0.016 14 0 
0.2 0.3 0.2227 10 6.423148 0.012 12 0.022 
0.2 0.4 0.2227 10 7.001262 0.002 11 0.006 
0.2 0.5 0.2227 10 7.807933 0 11 0 
0.2 0.6 0.2227 10 9.005832 0 11 0 
0.2 0.8 0.2227 10 15.02937 0.018 10 0.01 
0.2 0 0.2227 10 8.331696 0.18 14 0 
0.2 1 0.2227 10 173.4089 0.006 10 0 
0.3 0.01 0.2227 10 8.409199 0.126 14 0 
0.3 0.02 0.2227 10 8.352738 0.086 14 0 
0.3 0.05 0.2227 10 8.178639 0.038 14 0 
0.3 0.1 0.2227 10 7.873597 0.01 14 0 
0.3 0.2 0.2227 10 7.2136 0.008 14 0 
0.3 0.3 0.2227 10 6.56268 0.016 12 0.018 
0.3 0.4 0.2227 10 7.13917 0.002 11 0.008 
0.3 0.5 0.2227 10 7.944648 0 11 0.002 
0.3 0.6 0.2227 10 9.135712 0 11 0 
0.3 0.8 0.2227 10 15.13515 0.024 10 0.01 
0.3 0 0.2227 10 8.464861 0.196 14 0 
0.3 1 0.2227 10 165.5915 0.008 10 0 
0.4 0.01 0.2227 10 8.542587 0.156 14 0 
0.4 0.02 0.2227 10 8.486517 0.116 14 0 
0.4 0.05 0.2227 10 8.313936 0.056 14 0 
0.4 0.1 0.2227 10 8.013758 0.026 14 0 
0.4 0.2 0.2227 10 7.392478 0.008 14 0 
0.4 0.3 0.2227 10 6.709486 0.012 11 0.122 
0.4 0.4 0.2227 10 7.284429 0.004 11 0.008 
0.4 0.5 0.2227 10 8.0894 0 11 0.002 
0.4 0.6 0.2227 10 9.269086 0 10 0.028 
0.4 0.8 0.2227 10 15.26838 0.026 10 0.008 
0.4 0 0.2227 10 8.597891 0.218 14 0 
0.4 1 0.2227 10 158.7138 0.01 10 0 
0.5 0.01 0.2227 10 8.67678 0.182 14 0 
0.5 0.02 0.2227 10 8.620937 0.13 14 0 
0.5 0.05 0.2227 10 8.449032 0.076 14 0 
0.5 0.1 0.2227 10 8.150429 0.032 14 0 
0.5 0.2 0.2227 10 7.545429 0.006 14 0 
0.5 0.3 0.2227 10 6.86144 0.016 11 0.114 
0.5 0.4 0.2227 10 7.435087 0.006 11 0.012 
0.5 0.5 0.2227 10 8.240174 0 11 0.002 
0.5 0.6 0.2227 10 9.410129 0 10 0.05 
0.5 0.8 0.2227 10 15.42389 0.03 10 0.008 
0.5 0 0.2227 10 8.731849 0.23 14 0 
0.5 1 0.2227 10 152.5898 0.014 9 0.002 
0.6 0.01 0.2227 10 8.812229 0.198 14 0 
0.6 0.02 0.2227 10 8.756599 0.156 14 0 
0.6 0.05 0.2227 10 8.585231 0.09 14 0 
0.6 0.1 0.2227 10 8.287381 0.044 14 0 
0.6 0.2 0.2227 10 7.689465 0.006 14 0 
0.6 0.3 0.2227 10 7.017209 0.02 11 0.098 
0.6 0.4 0.2227 10 7.589878 0.006 11 0.012 
0.6 0.5 0.2227 10 8.395599 0 11 0.002 
0.6 0.6 0.2227 10 9.557577 0 10 0.068 
0.6 0.8 0.2227 10 15.59792 0.03 10 0.008 
0.6 0 0.2227 10 8.867066 0.234 14 0 
0.6 1 0.2227 10 147.2296 0.016 9 0.002 
0.8 0.01 0.2227 10 9.087265 0.22 14 0 
0.8 0.02 0.2227 10 9.032132 0.192 14 0 
0.8 0.05 0.2227 10 8.861992 0.12 14 0 
0.8 0.1 0.2227 10 8.565458 0.066 14 0 
0.8 0.2 0.2227 10 7.973411 0.02 14 0 
0.8 0.3 0.2227 10 7.336814 0.034 11 0.07 
0.8 0.4 0.2227 10 7.908604 0.008 11 0.01 
0.8 0.5 0.2227 10 8.716731 0 11 0.002 
0.8 0.6 0.2227 10 9.867173 0 10 0.098 
0.8 0.8 0.2227 10 15.99165 0.034 10 0.008 
0.8 0 0.2227 10 9.141559 0.25 14 0 
0.8 1 0.2227 10 138.2622 0.02 9 0.002 
0 0.01 0.2227 10 7.993942 0 14 0 
0 0.02 0.2227 10 7.912525 0 14 0 
0 0.05 0.2227 10 7.655069 0.002 14 0 
0 0.1 0.2227 10 7.189813 0.014 14 0 
0 0.2 0.2227 10 6.187701 0.12 14 0 
0 0.3 0.2227 10 6.183428 0 12 0.012 
0 0.4 0.2227 10 6.762498 0 12 0 
0 0.5 0.2227 10 7.573155 0 11 0 
0 0.6 0.2227 10 8.784077 0 11 0 
0 0.8 0.2227 10 14.93177 0.022 10 0.012 
0 0 0.2227 10 8.072913 0.006 14 0 
0 1 0.2227 10 192.4704 0.014 10 0 
1 0.01 0.2227 10 9.367626 0.228 14 0 
1 0.02 0.2227 10 9.313107 0.208 14 0 
1 0.05 0.2227 10 9.144536 0.146 14 0 
1 0.1 0.2227 10 8.849782 0.082 14 0 
1 0.2 0.2227 10 8.26158 0.028 14 0 
1 0.3 0.2227 10 7.663587 0.064 11 0.064 
1 0.4 0.2227 10 8.235948 0.012 11 0.006 
1 0.5 0.2227 10 9.04737 0 11 0.002 
1 0.6 0.2227 10 10.19103 0.008 10 0.078 
1 0.8 0.2227 10 16.45029 0.042 9 0.204 
1 0 0.2227 10 9.421262 0.262 14 0 
1 1 0.2227 10 131.1519 0.022 9 0.002 
1 0.2 0.15 10 11.08452 0.048 13 0.082 
1 0.2 0.15 11 11.18005 0.054 13 0.1 
1 0.2 0.15 13 11.26709 0.058 13 0.142 
1 0.2 0.15 14 11.27385 0.068 13 0.176 
1 0.2 0.15 5 9.31183 0.092 12 0.008 
1 0.2 0.15 7 10.41791 0.036 13 0.018 
1 0.2 0.15 9 10.9393 0.044 13 0.062 
1 0.2 0.1 10 13.85937 0.074 12 0.002 
1 0.2 0.1 11 14.16475 0.07 12 0.002 
1 0.2 0.1 13 14.6418 0.054 12 0.002 
1 0.2 0.1 14 14.82716 0.044 12 0.002 
1 0.2 0.1 5 11.10864 0.182 12 0 
1 0.2 0.1 7 12.53992 0.102 12 0 
1 0.2 0.1 9 13.4968 0.08 12 0.002 
1 0.2 0.2227 10 8.26158 0.028 14 0 
1 0.2 0.2227 11 8.268073 0.026 14 0 
1 0.2 0.2227 13 8.224782 0.024 14 0 
1 0.2 0.2227 14 8.184054 0.024 14 0 
1 0.2 0.2227 5 7.352905 0.122 10 0.112 
1 0.2 0.2227 7 8.004751 0.04 14 0 
1 0.2 0.2227 9 8.225882 0.034 14 0 
1 0.2 0.3 10 6.27729 0.068 13 0.072 
1 0.2 0.3 11 6.244859 0.06 13 0.174 
1 0.2 0.3 13 6.159367 0.038 14 0 
1 0.2 0.3 14 6.106335 0.032 14 0 
1 0.2 0.3 5 5.969112 0.446 10 0.008 
1 0.2 0.3 7 6.233963 0.16 11 0.336 
1 0.2 0.3 9 6.298242 0.08 12 0.364 
1 0.2 0.4 10 4.707685 0.25 11 0.308 
1 0.2 0.4 11 4.657757 0.2 11 0.382 
1 0.2 0.4 13 4.559677 0.126 11 0.458 
1 0.2 0.4 14 4.511627 0.12 11 0.492 
1 0.2 0.4 5 4.868215 0.76 8 0.324 
1 0.2 0.4 7 4.872912 0.412 11 0.1 
1 0.2 0.4 9 4.758768 0.294 11 0.236 
1 0.2 0.5 10 3.888561 0.318 11 0.076 
1 0.2 0.5 11 3.812319 0.31 11 0.128 
1 0.2 0.5 13 3.682117 0.262 11 0.236 
1 0.2 0.5 14 3.625273 0.23 11 0.276 
1 0.2 0.5 5 4.268543 0.922 7 0.722 
1 0.2 0.5 7 4.092374 0.86 9 0.202 
1 0.2 0.5 9 3.944305 0.464 10 0.374 
