	0.4303404	0.1678866	-0.9736684	-4.852987	-0.3434311	0.2486599	0.1349408	-1.237667	0.2618729	0.2811249	-0.2259437	-0.1934299	0.01932741	0.008915912	-1.186801
	0.2921923	0.1753892	-0.7311894	-4.342463	-0.2147501	0.1686457	0.1785186	-0.7411767	0.2967157	0.2244822	-0.1206782	-0.0503438	0.4440437	0.008904932	-0.7411777
	0.4175436	0.1916879	-0.936442	-4.827455	-0.2042977	0.1981489	0.1757427	-1.246421	0.2890658	0.2698897	-0.1861933	-0.1715477	0.03863652	0.06819313	-0.8772689
	0.2198362	0.1738524	-0.6141907	-3.839646	-0.2570088	0.1895598	0.1561871	-1.343859	0.27369	0.2219997	-0.1292422	-0.1567232	0.6822754	0.1428411	-0.844743
	0.2854752	0.173175	-0.8461751	-4.245013	-0.06083452	0.2535941	0.1318372	-1.670521	0.2570364	0.1698773	-0.03479808	-0.2430351	0.2843524	0.05580172	-0.6491967
	0.2588095	0.1835171	-0.5808262	-4.194537	-0.2146103	0.2646336	0.1810517	-0.7342893	0.2677727	0.2437538	-0.1183204	-0.0993869	0.3683909	0.1260786	-1.057077
	0.2733921	0.1694922	-0.7088712	-4.385896	-0.2050609	0.2061475	0.1573276	-1.681052	0.2663199	0.2322543	-0.2774705	-0.1257014	0.3225424	0.1295284	-0.3879961
	0.3827767	0.1852267	-0.8336475	-4.791343	-0.1614922	0.2718497	0.1799505	-1.172729	0.28182	0.2127586	-0.2710507	-0.1260632	-0.1496278	0.1072904	-0.2662155
	0.2462774	0.1725185	-0.4748355	-4.124602	0.002805151	0.2217771	0.1702603	-0.8421344	0.2434982	0.212655	0.07464297	-0.08176321	0.2490678	0.1427861	-0.7426203
	0.2524846	0.177587	-0.6113825	-4.419903	-0.2054822	0.144731	0.167486	-1.639031	0.2740023	0.2175916	-0.2187073	-0.1787273	0.4263025	0.1497899	-0.5874758
	0.3457766	0.1723786	-0.7075183	-4.295666	-0.08527098	0.2664372	0.1648493	-0.8895439	0.250587	0.244656	-0.1125654	-0.1015252	0.04726474	0.05690873	-1.117448
	0.2250521	0.1710315	-0.605145	-4.006842	-0.06371296	0.2492956	0.16499	-0.6923734	0.2578428	0.1978616	-0.100148	-0.1585322	0.3122702	0.1419608	-0.6673253
	0.2193159	0.1867345	0.1867329	-4.764702	-0.09041209	0.1612973	0.1867328	-1.00947	0.186733	0.2179471	-0.2678346	-0.2800192	0.9508606	0.1867329	-0.7644733
	0.2692462	0.1761785	-0.6730953	-4.348204	-0.3006324	0.2209041	0.1677105	-1.536228	0.2519126	0.2682984	-0.1611839	-0.1113085	0.2479737	0.09515266	-0.5447554
	0.5121155	0.2215541	-1.110444	-5.008061	-0.02102379	0.3022663	0.2192553	-1.561085	0.2991722	0.2892053	-0.1422402	0.007087997	-0.495017	0.04784663	-0.7911781
	0.4352727	0.2006626	-0.7180939	-5.026642	-0.1588195	0.319724	0.201485	-1.084274	0.2877258	0.2420572	-0.1579997	0.02634574	-0.2540507	0.02711129	-0.3662328
	0.3020629	0.1752604	-0.5115557	-4.357619	-0.07324522	0.2749104	0.1766884	-1.010231	0.2533273	0.2826601	-0.3405493	-0.03753412	0.04252826	0.1287009	-0.5656168
	0.3297775	0.1775794	-0.8887423	-4.364358	-0.2612369	0.1992047	0.1798727	-1.575067	0.2996528	0.2154359	-0.1632134	-0.07156895	0.3036345	-0.0042134	-0.8457411
	0.305769	0.1857413	-0.7018594	-4.2522	-0.3994526	0.2159451	0.1806427	-1.58477	0.2698655	0.2390951	-0.1904347	-0.1318168	0.4933866	0.08628285	-0.3197066
	0.2554286	0.1804061	0.1803727	-5.105349	-0.03450293	0.230924	0.1803726	-1.071378	0.1803725	0.1987569	-0.2477292	-0.23692	0.7200242	0.1803726	-0.686709
	0.3122601	0.1753927	-0.5458343	-4.844631	-0.05876935	0.2180373	0.167079	-1.979676	0.2500405	0.2393826	-0.1972997	-0.1255017	-0.3368169	0.1188227	-0.6100566
	0.3361274	0.196278	-0.7527138	-4.233224	-0.1289899	0.2331603	0.1877684	-1.252733	0.2869565	0.2098616	-0.08642172	-0.09321432	0.3315461	0.1105535	-0.67768
	0.2741747	0.1708531	-0.488112	-4.210436	-0.1613757	0.246263	0.1676065	-1.56036	0.2454159	0.2328621	-0.2266361	-0.1138592	0.3211797	0.09695448	-0.6284799
	0.2280657	0.185686	-0.5474006	-3.91726	-0.2070763	0.2656154	0.149957	-1.333658	0.2711974	0.2143029	-0.03848913	-0.2112011	0.4151074	0.1400088	-0.3108401
	0.3817982	0.2112555	-0.7392047	-4.18626	-0.1479669	0.2049487	0.1884951	-1.514487	0.3113906	0.3226188	-0.1579283	-0.111956	0.1706113	0.1084671	-0.7303917
	0.2681725	0.1680661	-0.657997	-4.441586	-0.2015075	0.2411832	0.1649219	-0.7836304	0.2546837	0.2652381	-0.1783627	-0.01811447	0.04325557	0.0828593	-0.5094327
	0.2114134	0.1731138	-0.5851436	-3.632184	-0.2107582	0.2167226	0.1709157	-1.530797	0.2839829	0.1987402	-0.232521	-0.06372672	0.8795489	0.1430163	-0.6600624
	0.3071862	0.1815853	-0.6474115	-4.37623	-0.15589	0.2374063	0.1636568	-1.311156	0.2614286	0.2088747	-0.1115884	-0.1341292	0.1741316	0.0626689	-0.7847106
	0.3292881	0.1739211	-0.9400481	-4.746288	-0.316938	0.2382937	0.1557418	-1.533462	0.2468882	0.2345399	-0.06170884	-0.1865616	-0.06002583	0.07900391	-1.185463
	0.3500743	0.3379371	-0.5526405	-4.271859	-0.1973397	0.0704873	0.2616033	-1.68006	0.3665936	0.3360853	-0.06562757	-0.1277293	0.4017768	0.208834	-0.7800375
	0.3084842	0.1818622	-0.6451806	-4.45766	-0.1161309	0.2600691	0.1770074	-0.9026195	0.261488	0.2467713	-0.1450845	-0.1230037	0.02751634	0.09289336	-0.9623856
	0.3163013	0.2607138	-0.7685166	-4.170049	-0.2061018	0.2473569	0.241527	-1.530031	0.3536224	0.3094797	-0.2428894	-0.03920936	0.4627468	0.2242778	-0.5970334
	0.221877	0.1779763	-0.5880896	-4.106916	-0.2081832	0.25321	0.173625	-0.6476546	0.2821998	0.2260928	-0.2028827	-0.1105826	0.5045611	0.1420431	-0.6926888
	0.2177563	0.1783477	0.1783478	-4.262782	-0.133482	0.2140828	0.1814279	-1.052552	0.1783478	0.2973584	-0.3222401	-0.06263067	0.2437264	0.1426908	-0.8977027
	0.3584204	0.1814245	-0.8646594	-4.108087	-0.02194427	0.202029	0.1576825	-0.7165166	0.2618031	0.2252817	0.02742563	-0.1553462	0.1515234	0.05395325	-0.7983857
	0.2409641	0.1795557	0.1795559	-4.109624	-0.005908678	0.2472149	0.185718	-0.5447544	0.1795558	0.2170531	-0.3141096	-0.1782816	0.2820346	0.1762185	-0.6213056
	0.2024968	0.1815993	0.1815994	-4.903824	-0.01653411	0.2792591	0.1815993	-0.4786646	0.1815994	0.1294303	-0.1546449	-0.1914128	0.8601238	0.1815993	-1.086867
	0.2479575	0.1913097	0.1913098	-4.327471	-0.1090812	0.189948	0.1920939	-0.5733689	0.1913098	0.2874413	-0.3331411	-0.2458056	0.177146	0.1879198	-0.7511325
	0.2716127	0.1766582	-0.4699752	-4.185237	-0.05095557	0.1944952	0.1655136	-1.376548	0.2453916	0.3087387	-0.1206708	-0.1098985	0.1578856	0.1359117	-0.6366974
	0.3447374	0.1925225	-0.7072991	-4.381608	-0.2150363	0.316919	0.1861151	-1.363039	0.2834973	0.2264385	-0.20646	-0.134501	0.4199364	0.07666251	-0.7154195
	0.3291227	0.1779807	-0.5939874	-4.323049	-0.1652269	0.2307739	0.1634478	-1.594222	0.2546177	0.2741634	-0.131309	-0.1335213	0.1465348	0.1018521	-0.7809676
	0.3433003	0.1861798	-0.7725098	-4.538658	-0.1622183	0.2716342	0.1744878	-1.002259	0.2727058	0.2550185	-0.1196794	-0.1228172	-0.1723942	0.08632934	-1.01626
	0.2768978	0.1829401	-0.7713554	-4.107966	-0.2181427	0.2390924	0.1698774	-0.5732227	0.27051	0.2135335	-0.02458009	-0.1380117	0.4654544	0.08952408	-0.973043
	0.2754831	0.1931812	-0.4493951	-4.01173	-0.3323617	0.2216957	0.187062	-1.400449	0.2632823	0.2618166	-0.1909272	-0.1326926	0.5221913	0.113778	-0.6165613
	0.202026	0.1735211	-0.6062067	-4.008704	-0.2522373	0.212513	0.1560183	-0.5180343	0.2653483	0.2413569	-0.08007392	-0.1830605	0.4269696	0.1377693	-0.7343211
	0.3059593	0.1808799	-0.6731286	-4.456299	-0.133615	0.221368	0.1815335	-0.881735	0.2576926	0.2667871	-0.09271502	-0.05609753	0.1960771	0.1048745	-0.8044411
	0.2898585	0.1760642	-0.5339619	-4.390985	-0.07633546	0.2155278	0.1764963	-1.850572	0.2493972	0.2630409	-0.06827005	-0.07133675	0.1508324	0.08831562	-0.5206452
	0.2782531	0.1825253	-0.5498651	-4.275915	-0.1925543	0.2187843	0.1769165	-1.691949	0.2378613	0.2153328	0.06578445	-0.1387017	0.3723729	0.05031632	-0.8878396
	0.35028	0.2415191	-0.4854751	-4.415259	-0.1315897	0.1318788	0.2341134	-1.416223	0.3081695	0.2813425	-0.1428898	-0.04263205	0.417312	0.1541536	-0.8335771
	0.2168922	0.1828035	0.1828037	-4.314039	-0.1053023	0.2154342	0.1767206	-1.028772	0.2142702	0.2641223	-0.3050153	-0.2198855	0.1242032	0.1828035	-0.8165141
	0.2746944	0.1733484	-0.6168689	-4.13701	-0.2690233	0.2440136	0.1684968	-1.692301	0.2583748	0.2481067	-0.102052	-0.139544	0.5622669	0.04422993	-0.5908599
	0.2300372	0.1840715	0.1840716	-4.059959	-0.1264711	0.2415103	0.1840249	-0.3158277	0.1840715	0.2043922	-0.2272619	-0.2072703	0.7514885	0.1840715	-0.4492755
	0.2085942	0.1766626	-0.5365737	-4.171631	-0.2034571	0.1879346	0.1520758	-1.461049	0.2610089	0.2220489	-0.225857	-0.1916771	0.5520678	0.1689096	-0.4679157
	0.2313945	0.178467	-0.7641626	-4.320771	-0.229775	0.2124703	0.1595816	-1.38922	0.2948925	0.1511166	-0.1133744	-0.1501316	0.3813175	0.1219654	-0.6832005
	0.3667932	0.218944	-0.7408125	-4.571557	-0.1057154	0.3135609	0.1806868	-1.117602	0.2864187	0.2749496	-0.01224757	-0.1494723	-0.09870696	0.1408686	-0.6237266
	0.2980179	0.17721	-0.8707358	-4.327263	-0.2059598	0.192575	0.1532852	-0.7571864	0.2759111	0.2071596	-0.1076346	-0.2021632	0.2284423	0.08950073	-0.7894755
	0.2968574	0.1842653	0.1842654	-4.610293	-0.0831914	0.2879233	0.1852503	-1.413441	0.1842653	0.266526	-0.4288889	-0.2893949	-0.1297564	0.149929	-1.140032
	0.212696	0.1758355	0.1758337	-3.991993	-0.05806895	0.2286158	0.1786692	-0.7816337	0.1758338	0.1577707	-0.2069417	-0.2603001	0.8519676	0.1758337	-0.5518378
	0.4564685	0.4033527	-0.7011985	-4.524289	0.1089559	0.2514773	0.3149491	-1.552523	0.4420694	0.1870332	-0.1416127	-0.03155685	0.0787819	0.2444626	-0.7892738
	0.3075192	0.302476	-0.6118509	-4.122409	-0.4400096	0.3050328	0.2387204	-1.173378	0.3685705	0.2824681	-0.1340703	-0.1281629	0.6461373	0.2474721	-0.8929932
	0.3195371	0.1692364	-0.7846717	-4.721992	-0.04947641	0.2521823	0.1707449	-1.6273	0.2570577	0.1963541	-0.1607424	-0.0005976871	-0.1593549	0.04427711	-0.7567431
	0.2863643	0.1780812	-0.6806782	-4.351559	-0.2369857	0.2518749	0.1659543	-1.54271	0.2562086	0.2750696	-0.106019	-0.1105337	0.09264817	0.09750623	-0.7653997
	0.3167395	0.2537135	-0.5899168	-4.217378	-0.5643865	0.2733645	0.2410368	-1.392616	0.3348339	0.2825548	-0.07603088	-0.07347886	0.3946021	0.1655005	-0.5606939
	0.2981729	0.2797217	-0.3451902	-3.893035	-0.5954486	0.262934	0.260682	-1.510775	0.3278443	0.3133041	-0.07571625	-0.03557413	0.634635	0.1713921	-0.5678537
	0.3690732	0.1899352	-0.5925481	-4.780422	-0.1109958	0.2465911	0.1775066	-2.092687	0.2546234	0.2884435	-0.2100724	-0.1396116	-0.2471344	0.1074525	-0.7006744
	0.2465651	0.1799657	0.1799635	-4.464276	0.01121314	0.2012221	0.1831636	-1.172444	0.1799635	0.223607	-0.3530047	-0.2062119	0.0895616	0.1616228	-0.7768681
	0.3010027	0.1727694	-0.6556027	-4.609979	-0.07977344	0.2395136	0.1692919	-1.600923	0.2596048	0.2632495	-0.09642079	-0.122361	-0.06732224	0.07151358	-0.4460439
	0.2406187	0.1844042	0.1844043	-4.06881	-0.2791347	0.2003897	0.1702558	-0.4625898	0.1844043	0.270379	-0.4096661	-0.3472811	0.5587185	0.1804221	-0.9044031
	0.2292789	0.1732175	0.1732177	-4.428283	-0.08842317	0.2154263	0.1653284	-0.5656158	0.1732177	0.296472	-0.2025488	-0.287906	0.3553378	0.1732176	-0.7316846
	0.2330288	0.1745113	0.1745115	-4.320408	-0.1144745	0.1987449	0.1601627	-1.078132	0.1745114	0.2669358	-0.3197093	-0.3418168	0.5982485	0.1745113	-0.9407969
	0.3313488	0.1703365	-0.7351638	-4.185826	-0.07125937	0.2289578	0.1624268	-1.547318	0.2621779	0.2009467	-0.1612748	-0.1545114	0.1729366	0.06965536	-0.6275587
	0.2391162	0.1804364	-0.5078388	-3.96295	-0.2473109	0.2309805	0.1534565	-1.320336	0.2499635	0.1796968	-0.0168453	-0.2261516	0.7223144	0.1079225	-0.7800216
	0.2493183	0.175858	0.1758581	-4.380198	-0.09257175	0.2350747	0.1731078	-0.6752751	0.203422	0.2534067	-0.3644956	-0.2795088	0.02528128	0.1755241	-0.8767329
	0.2675874	0.1923038	-0.5251001	-4.003575	-0.4211298	0.2859578	0.183967	-1.330877	0.2670546	0.2336904	-0.1187562	-0.1055904	0.5686857	0.1349403	-0.5257051
	0.2252593	0.1755816	0.1755817	-4.230729	-0.0927196	0.1949014	0.1699321	-0.9758777	0.1755817	0.2269211	-0.3097612	-0.2737553	0.6569945	0.1755817	-0.3652328
	0.3742575	0.1734601	-1.120938	-4.700647	-0.145334	0.2078573	0.1762266	-1.537628	0.2888961	0.2173276	-0.3909526	0.08146845	-0.09505142	-0.01207675	-0.3803246
	0.3433069	0.2981428	-0.6586474	-4.518126	-0.09723129	0.2138667	0.2506269	-1.163085	0.3599659	0.2788275	0.06017091	-0.1459394	0.2442844	0.225445	-0.6162284
	0.2814544	0.1814054	-0.5702669	-3.969465	-0.1306062	0.2391369	0.1630027	-1.66883	0.2596232	0.2097707	-0.105775	-0.1155634	0.4430295	0.1233148	-0.8253626
	0.2465026	0.2408357	0.226245	-5.026835	-0.06041453	0.2039225	0.2262449	-0.8876902	0.226245	0.2513086	-0.2108783	-0.03939078	0.5748568	0.226245	-0.6261176
	0.2788568	0.1772771	-0.448099	-4.23105	-0.07408122	0.2736149	0.1795101	-1.028892	0.2550597	0.176167	-0.2091421	-0.01655824	0.2367702	0.1332622	-0.8916094
	0.3130812	0.1989321	-0.4645123	-4.390803	-0.1681063	0.277917	0.1785526	-1.627645	0.2434326	0.2973702	-0.08220026	-0.1677284	0.1513875	0.1025248	-0.8454892
	0.3370492	0.1729003	-0.6176097	-4.500178	-0.004478864	0.2212517	0.170144	-0.9736358	0.2429313	0.2768496	-0.1506163	-0.1322544	-0.187496	0.06168369	-0.742508
	0.2163518	0.1799311	0.1799312	-4.425384	-0.1476948	0.254718	0.171998	-1.037352	0.1799313	0.2402801	-0.227832	-0.2923587	0.4852933	0.1799311	-0.6773758
	0.264331	0.1715465	-0.4757569	-4.099395	-0.1151165	0.1932553	0.1678139	-1.838066	0.2467364	0.2212209	-0.2460011	-0.1345681	0.4022922	0.1304053	-0.6413346
	0.2584367	0.1751129	-0.4728772	-4.138837	-0.1677832	0.179296	0.1758299	-0.5941902	0.2254493	0.2600379	0.03072228	-0.09835936	0.3434028	0.07550148	-0.3627749
	0.3920131	0.3454835	-0.5094798	-4.145131	-0.1122324	0.2814606	0.2830212	-1.060716	0.3777222	0.2728257	0.01257334	-0.095652	0.548997	0.2643903	-0.7249469
	0.02842365	0.7074256	-0.235068	-3.446168	-0.1261011	-0.03625938	0.2052772	-0.5875715	0.3363653	-0.1465596	0.07866787	-0.2083427	1.375748	0.219183	-0.6505483
	0.2686238	0.1851941	-0.4023993	-4.27394	-0.1496145	0.326091	0.1804593	-1.471461	0.2542084	0.1739906	-0.02559007	-0.1177256	0.2370193	0.1617056	-0.795442
	0.3495757	0.2642405	-0.5235377	-4.206766	-0.2181334	0.2091785	0.2529362	-1.566925	0.3356929	0.2913398	-0.01510743	-0.04011213	0.3865454	0.1834918	-0.6897855
	0.2489548	0.1796141	-0.3954672	-4.041433	-0.05510495	0.2214295	0.1725082	-0.6713258	0.2489953	0.1790902	-0.0178589	-0.1200017	0.40829	0.1349554	-1.076977
	0.2205893	0.1871461	0.1871462	-4.221866	-0.2238052	0.2139539	0.1839616	-0.3197056	0.1871461	0.3082227	-0.2368213	-0.229666	0.5734164	0.1871461	-0.5400557
	0.2560262	0.184031	-0.5829525	-4.159945	-0.346872	0.2333623	0.1821635	-0.8789122	0.2651193	0.2018267	0.02840358	-0.1242514	0.3596618	0.06717098	-0.488475
	0.2486088	0.200346	0.2001165	-4.291912	-0.07283692	0.2556295	0.1682003	-1.004889	0.2001165	0.2921116	-0.3344762	-0.3172073	0.5067984	0.2001164	-0.832244
	0.2329748	0.1763304	-0.5675128	-3.915347	-0.2684424	0.2112301	0.1765198	-1.667224	0.2731847	0.2117718	-0.2624272	-0.07390641	0.8076178	0.1405732	-1.084352
	0.21126	0.1908312	0.1908314	-4.336635	-0.1868308	0.1306067	0.1816955	-1.070298	0.1908313	0.3158581	-0.2658684	-0.3035941	0.7470969	0.1908312	-0.5560792
	0.2454703	0.1647343	0.1647344	-4.47453	-0.1341697	0.2218461	0.1394936	-1.086027	0.1647344	0.3602451	-0.28233	-0.2983211	0.246922	0.1647343	-0.5060213
	0.3066652	0.1929828	-0.455594	-4.254352	-0.07730054	0.3070683	0.1915627	-1.815219	0.2716395	0.1950865	-0.2003758	-0.09125925	0.3228108	0.1633227	-0.7909576
	0.2891242	0.2066611	-0.4362342	-4.119695	-0.06389004	0.2573459	0.2034064	-1.314901	0.2963688	0.193807	-0.04198598	-0.09051031	0.4986616	0.1261487	-1.006061
	0.2886078	0.2075714	-0.601594	-3.953938	-0.2566179	0.2401831	0.2014646	-1.318937	0.3117882	0.282156	-0.2270633	-0.05660567	0.7516149	0.1215007	-1.14238
	0.2787901	0.1780765	-0.5242685	-4.262809	-0.198344	0.2341457	0.1704438	-0.7304767	0.2495342	0.274864	-0.220467	-0.1241095	0.2956066	0.1129197	-0.3878415
	0.3639646	0.1843409	-0.7640418	-4.389628	-0.0809388	0.2698962	0.1600563	-0.8958739	0.2749483	0.2340971	-0.1475122	-0.1952431	-0.1026868	0.0756794	-0.5173792
	0.2216884	0.1729091	-0.6993395	-4.220855	-0.3061162	0.218933	0.1561339	-0.686708	0.2765733	0.2088447	-0.2376416	-0.0933995	0.5301707	0.1523999	-0.7760094
	0.2704499	0.1902174	-0.4738707	-4.2878	-0.2320188	0.261406	0.1877113	-1.287412	0.2632484	0.3076391	-0.1139997	-0.08376167	0.2077392	0.131419	-0.7342903
	0.2479078	0.1735842	-0.6197668	-3.911373	-0.1408072	0.2225977	0.1647358	-0.5498766	0.2665111	0.2126542	-0.1164301	-0.1054157	0.5688532	0.1205004	-0.8542227
	0.2791918	0.1823966	-0.6438917	-3.982569	-0.1845092	0.2757912	0.1838751	-1.487981	0.2793467	0.2101901	-0.1568994	-0.09866903	0.4146283	0.08782173	-1.17273
	0.3198083	0.1697261	-0.7447052	-4.440029	-0.1623643	0.2209573	0.1590734	-1.439133	0.2425791	0.1959285	-0.03459383	-0.1522861	0.3582434	0.03750562	-0.8421354
	0.2477869	0.1799455	0.1799456	-4.424651	-0.01685343	0.2444581	0.1711535	-0.6265115	0.1799457	0.2884972	-0.2580398	-0.280967	0.352314	0.1799456	-0.8303309
	0.2526308	0.1690127	-0.442158	-4.065893	-0.1683067	0.1702483	0.1669224	-0.7199614	0.2490824	0.2411542	-0.2406284	-0.0951352	0.4649894	0.129545	-0.8895449
	0.3435411	0.1725461	-0.4867911	-4.58203	-0.00301812	0.1925283	0.1726007	-2.075152	0.2567842	0.2678272	-0.3221304	0.01940159	0.02021344	0.08164334	-0.6923744
	0.2628695	0.1925119	0.1925121	-4.143474	0.0003790174	0.2202651	0.1955129	-0.458962	0.1925121	0.3279465	-0.3305381	-0.2091093	0.2376153	0.1849889	-0.3736695
	0.2715581	0.1819132	-0.4939883	-4.317171	-0.08745207	0.2615815	0.171072	-1.687327	0.2421675	0.2421208	-0.05667159	-0.1839698	0.06940079	0.1129891	-1.188415
	0.2340184	0.1861277	0.1861279	-4.274455	-0.02323544	0.2509914	0.1865862	-0.5290258	0.2169576	0.283575	-0.2524441	-0.03997657	0.01389463	0.1820857	-1.255244
	0.3070839	0.1758242	-0.9056199	-4.749163	-0.2981626	0.2465579	0.1776255	-1.580158	0.2926746	0.1691499	-0.2557039	-0.07937929	0.1013141	0.0485533	-1.010232
	0.3761279	0.275447	-0.598083	-4.384088	-0.1359796	0.2019467	0.261879	-1.383638	0.341368	0.2789948	0.03651972	-0.07182391	0.354278	0.1524097	-0.6840423
	0.3630481	0.1696413	-0.8764545	-4.608562	-0.1686936	0.1735377	0.1363738	-1.705395	0.2613964	0.2670309	-0.1775002	-0.2387393	0.03213381	0.07779487	-0.6896732
	0.2355247	0.176665	-0.4489423	-3.835817	-0.1786904	0.2277451	0.1599158	-1.315942	0.2561453	0.2256037	-0.1819199	-0.1561895	0.6503354	0.1633968	-0.680158
	0.2582075	0.1789459	-0.5677642	-4.066635	-0.04781934	0.2436079	0.1808653	-1.592234	0.2605731	0.1957146	0.0142823	-0.04808141	0.4063828	0.06822705	-1.156395
	0.3112256	0.1859549	-0.7765344	-3.941526	-0.1583577	0.2540765	0.1751232	-0.4312527	0.2756533	0.186038	0.1140002	-0.1298587	0.5008194	0.05883008	-0.776842
	0.3191368	0.1819636	-0.6062435	-4.429843	-0.1716553	0.2378126	0.1768346	-0.9342998	0.2446925	0.282223	-0.09680901	-0.1770015	-0.06420811	0.1121213	-0.7275646
	0.4084947	0.2942569	-0.6668822	-4.822984	-0.3243573	0.2863237	0.2562544	-1.628754	0.3728239	0.298057	-0.09848989	-0.1143255	0.04108148	0.1956937	-0.5513727
	0.2235868	0.1668358	-0.743672	-4.132707	-0.2006709	0.1489203	0.1561822	-0.6603243	0.2610401	0.2165144	-0.1914777	-0.08430911	0.372534	0.1435509	-0.7836314
	0.3112079	0.1852442	-0.86264	-4.259044	-0.2459734	0.2103167	0.157148	-1.159115	0.2665431	0.2462485	0.03456254	-0.1759172	0.3451107	0.06249345	-0.4458494
	0.3957573	0.3306307	-0.3800802	-4.280958	-0.1509599	0.1736816	0.287498	-1.734716	0.3689504	0.3942688	-0.1188857	-0.0783008	0.4585173	0.2016825	-0.740723
	0.3084345	0.1867332	-0.6625656	-4.217735	-0.2163006	0.2425269	0.1883543	-0.5237358	0.2676449	0.1956445	0.001559006	-0.03243318	0.3620216	0.01404258	-0.9131292
	0.2634128	0.178905	-0.607084	-4.203366	-0.2250047	0.2260114	0.1745198	-0.6776791	0.2609064	0.2428609	-0.1027592	-0.104415	0.4772671	0.104142	-0.6830424
	0.2598978	0.174247	-0.5746895	-3.946367	-0.329442	0.211995	0.1462103	-0.5535931	0.2409175	0.246124	-0.1519663	-0.2249444	0.7260068	0.1076373	-0.9026205
	0.2820426	0.1796604	-0.5930504	-4.35791	-0.06995212	0.2512811	0.1738515	-1.486722	0.2557793	0.2938816	-0.2064374	-0.1071068	-0.1152525	0.1446089	-0.6562672
	0.3437421	0.1730769	-0.6975171	-4.692264	-0.1248743	0.2976329	0.1703837	-1.098888	0.2455797	0.2361404	-0.09923816	-0.09555375	-0.1632703	0.08362918	-0.6476556
	0.285546	0.2440895	-0.4556898	-4.074801	-0.3671374	0.2225298	0.2322489	-1.110769	0.3276886	0.2853279	-0.1228632	-0.09011604	0.4399171	0.1824189	-0.4449742
	0.2439471	0.1874454	-0.541066	-4.080252	-0.1778081	0.210279	0.1682274	-1.611014	0.2264009	0.2519363	-0.07616831	-0.1629121	0.4146678	0.09400063	-0.7165176
	0.2371395	0.1830471	0.1830473	-4.002838	-0.1260463	0.201985	0.1765055	-0.3847425	0.1830471	0.264396	-0.3993316	-0.2794577	0.4913629	0.1827332	-0.4786656
	0.276126	0.2007178	0.2007179	-3.974835	-0.04577089	0.2169094	0.1876492	-0.5437889	0.2268781	0.2379916	-0.3843783	-0.3248114	0.3414016	0.2007146	-0.5733699
	0.3195516	0.178045	-0.8256184	-4.405483	-0.2406928	0.2389015	0.1678714	-1.462112	0.264868	0.1800979	-0.04982206	-0.1635156	0.1449137	0.07930168	-0.8078125
	0.2461272	0.1812003	-0.4851849	-4.250638	-0.1901601	0.3215319	0.1771733	-1.372899	0.2606795	0.1815017	-0.08716958	-0.1218224	0.3698735	0.1124069	-0.8354958
	0.2808559	0.8751249	-0.3104537	-4.19068	-0.1022487	0.02425806	0.2985863	-0.6900294	0.389009	0.4065431	0.0979765	0.1516697	1.016289	0.2328688	-0.8938967
	0.2875307	0.1859944	0.1859945	-4.277858	0.04321924	0.2414549	0.1791803	-1.138445	0.1859945	0.3532704	-0.2398074	-0.235219	0.1882914	0.1859944	-1.00226
	0.2599444	0.1801225	-0.5610284	-4.024159	-0.1762211	0.2449256	0.1738111	-1.057671	0.2732455	0.2061964	-0.1101547	-0.1106685	0.4369423	0.1294753	-0.5732237
	0.2464531	0.1823916	0.1823917	-4.437223	-0.1178645	0.2506631	0.1822687	-1.266436	0.1823918	0.287314	-0.3425823	-0.1908061	0.05163468	0.1717485	-0.561676
	0.2569508	0.1737248	-0.6347632	-4.477472	-0.25202	0.2052581	0.1675524	-0.7529131	0.2549958	0.2337615	-0.1314964	-0.1188659	0.1940288	0.09276983	-0.5180353
	0.3035263	0.181666	-0.4369018	-4.311594	-0.03646416	0.2508342	0.1824889	-1.085081	0.240305	0.2534373	-0.1487899	-0.05186707	0.007366356	0.09194059	-0.881736
	0.236969	0.1860491	0.1860475	-4.068333	-0.1925912	0.255361	0.1882484	-1.079275	0.1860474	0.2122793	-0.371998	-0.2635454	0.4620203	0.1795912	-0.6809228
	0.2884945	0.179672	-0.8314477	-4.688052	-0.160239	0.283617	0.1739884	-1.037504	0.2659007	0.1844412	-0.1925838	-0.05653596	-0.1028217	0.1560922	-0.7638132
	0.2798886	0.1766441	-0.549216	-4.378921	-0.1204447	0.2350683	0.1637872	-0.8075114	0.2565201	0.1802274	-0.1061581	-0.1475522	0.1601995	0.1145456	-0.4876102
	0.2496509	0.1832363	-0.5178073	-4.133721	-0.2408438	0.2339884	0.155879	-1.576679	0.2509879	0.2749347	-0.1027289	-0.242319	0.3717025	0.1525507	-0.6351699
	0.2797965	0.1739615	-0.6543232	-4.152719	-0.1074794	0.1855187	0.1620607	-1.273006	0.2767525	0.2158348	-0.1648497	-0.1272851	0.3372215	0.07730797	-0.3158287
	0.4479842	0.1925372	-0.8780994	-4.681857	-0.1950028	0.2718935	0.1756719	-1.806216	0.2789182	0.2238599	-0.1160538	-0.2280347	0.02218432	0.011506	-0.6488727
	0.2157778	0.1917024	0.1917025	-4.108871	-0.2513796	0.1765668	0.1907717	-0.3108391	0.1917025	0.2670149	-0.2543561	-0.1739341	0.8319108	0.1917024	-0.707969
	0.2252855	0.1828602	0.1828603	-4.090949	-0.1473469	0.1655286	0.1754541	-0.3610358	0.1828602	0.2809768	-0.3035253	-0.2224291	0.718419	0.1828602	-0.911688
	0.2585171	0.1797736	-0.4456614	-4.061684	-0.1600876	0.280475	0.1734776	-1.33276	0.2511941	0.2564548	-0.1431793	-0.07449321	0.339593	0.1326059	-0.7571874
	0.2346866	0.1837945	0.1837909	-4.262035	-0.2449281	0.1876098	0.1680166	-1.123306	0.2212628	0.318515	-0.4654104	-0.3077434	0.3727379	0.1736485	-0.9193364
	0.3565519	0.1805024	-0.8883499	-5.027341	-0.1997841	0.1858306	0.1510006	-1.594069	0.2288652	0.2837876	0.1804925	-0.5216923	-0.2451752	0.1086486	-1.023728
	0.320706	0.5834453	-0.200856	-4.20162	0.1622286	-0.2231791	0.322099	-1.209276	0.4086547	0.4180418	0.1266967	0.02072044	0.2640582	0.2937652	-0.6000685
	0.2891791	0.188696	-0.6326326	-4.133922	-0.2273224	0.2724505	0.1859787	-1.220977	0.2900963	0.1859292	-0.1536953	-0.1065346	0.4589709	0.108905	-1.000124
	0.3300445	0.2640923	-0.4005157	-3.961646	-0.08026865	0.3000525	0.2574021	-0.8666569	0.3339845	0.290546	-0.09777651	-0.004211634	0.5399858	0.2057427	-0.78504
	0.1950797	0.1776097	-0.3982636	-3.673255	-0.1956434	0.2041421	0.1568999	-1.258061	0.2560762	0.2142914	-0.008690989	-0.2180793	0.7529694	0.1619964	-0.6440233
	0.3103097	0.2132083	-0.5880516	-4.191801	-0.2419996	0.2794369	0.2087879	-1.198359	0.2963431	0.2492971	-0.01809459	-0.105689	0.4259468	0.1354303	-0.4479455
	0.2862782	0.1904987	-0.5037513	-4.368769	-0.04070046	0.1616329	0.1893821	-1.663063	0.2648234	0.2530398	-0.1517091	-0.05340604	0.2478653	0.1475369	-1.188641
	0.2748325	0.183267	0.1832671	-4.373903	0.008892144	0.244201	0.1849214	-0.7303907	0.183267	0.2985885	-0.3580198	-0.1637803	-0.06548343	0.1501629	-0.6669014
	0.2186022	0.1872593	-0.3579714	-3.992657	-0.3385691	0.2399736	0.1876765	-0.4863311	0.2681866	0.2141899	-0.017122	-0.05527743	0.6112279	0.1460489	-1.003985
	0.2875164	0.1777086	-0.546381	-4.189554	-0.2770491	0.2451312	0.1735193	-1.362644	0.2530615	0.2299613	-0.1979703	-0.1557812	0.5144479	0.08728973	-0.4625908
	0.2675206	0.1873943	-0.6872313	-4.343204	-0.2384388	0.2171905	0.1795116	-1.421252	0.285374	0.2628751	-0.2499815	-0.09616575	0.2944309	0.1220731	-0.5442336
	0.2238651	0.1826327	0.1825744	-4.198149	-0.160393	0.2892505	0.1890025	-0.8819542	0.1825744	0.2215252	-0.2394638	-0.1082288	0.2812147	0.1801471	-0.7631625
	0.3143016	0.173543	-0.769557	-4.100058	-0.2691786	0.1866491	0.1621418	-0.5823998	0.2574164	0.2276999	-0.03141636	-0.1705654	0.4613819	0.03470275	-0.5420626
	0.2109328	0.1783801	-0.5651717	-3.770284	-0.1705991	0.1985321	0.1591007	-0.4731599	0.2688825	0.1782235	-0.06906504	-0.2181995	0.7257543	0.1493827	-0.6752761
	0.2106022	0.178282	0.1782821	-4.271017	-0.07912381	0.1721478	0.1744842	-0.5271746	0.1950406	0.3099188	-0.3928147	-0.2510762	0.1090196	0.1516815	-0.5818685
	0.2548083	0.1859588	-0.6445249	-3.976035	-0.4450149	0.263816	0.1866479	-1.465415	0.2849349	0.1935975	-0.1774672	-0.1219052	0.7066491	0.1205443	-0.480208
	0.3464758	0.1763419	-0.8756557	-4.608088	-0.3050674	0.2768899	0.1664419	-1.73003	0.2746879	0.2241445	-0.2636622	-0.1647386	0.3020994	0.08503466	-0.9746606
	0.2425349	0.1856295	0.1856296	-4.227647	0.00251236	0.1640745	0.1805931	-0.5306056	0.2022748	0.2886371	-0.2824378	-0.1816418	0.09793026	0.1856295	-0.7985238
	0.2587416	0.1924144	0.1918902	-4.178747	-0.1775495	0.2154065	0.1611803	-1.018765	0.1918903	0.2646646	-0.3479018	-0.3801049	0.7270253	0.1918902	-0.6523521
	0.4660338	0.1719918	-1.032804	-4.889137	-0.02521671	0.2362595	0.1555301	-1.206463	0.2646379	0.2198144	-0.1508985	-0.1523807	-0.2373466	0.02797732	-0.4287152
	0.2381791	0.1742145	-0.5730566	-4.088471	-0.243036	0.1801078	0.162292	-0.5955996	0.2598586	0.2752913	-0.08273298	-0.1453271	0.5576166	0.104292	-0.8528169
	0.2813485	0.1791038	-0.6411998	-3.944999	-0.1488852	0.2248877	0.1659583	-1.351717	0.2439998	0.2182493	0.03151344	-0.1758221	0.3752939	0.05878145	-0.9736368
	0.3651379	0.2041678	-0.619773	-4.500038	-0.1684253	0.2699477	0.1995759	-1.385185	0.2594734	0.2773095	-0.03610476	-0.1033593	-0.001633849	0.06953817	-0.5138442
	0.3285203	0.177742	-0.5864751	-4.336699	-0.2176048	0.2203181	0.1655148	-1.566508	0.2508747	0.2526504	-0.2112323	-0.1790482	0.1993742	0.1251994	-0.7316351
	0.3000002	0.188025	-0.7225097	-4.440837	-0.1398442	0.2612627	0.1896344	-1.724236	0.2743387	0.2363878	-0.1173903	-0.00847007	0.04313077	0.09781064	-0.5941912
	0.3280295	0.2587344	-0.4111196	-3.93151	-0.1681271	0.2640393	0.237186	-1.378265	0.321317	0.2941899	-0.1492321	-0.08245457	0.7488459	0.1466424	-0.6492808
	0.3334345	0.1910208	-0.7622432	-4.306845	-0.2611461	0.2464128	0.1632824	-1.412164	0.2796392	0.2728201	-0.1649313	-0.1432807	0.1813554	0.1102159	0.06039154
	0.3200154	0.5435193	-0.2314091	-3.756078	-0.02469228	0.004006715	0.3292031	-0.8428816	0.4323309	0.389451	0.009986917	-0.00796432	0.9042009	0.3203236	-0.9015615
	0.2642098	0.1845738	-0.5102132	-4.311527	-0.2938565	0.2547314	0.1765954	-1.848069	0.2629888	0.2724138	-0.1284984	-0.1355654	0.3634917	0.1154089	-0.6876484
	0.2240193	0.1736557	-0.5054584	-4.099707	-0.09291069	0.1935244	0.1617131	-0.6600614	0.2625395	0.2119057	-0.137423	-0.1056155	0.4282494	0.1253317	-0.6713268
	0.2933128	0.1770373	-0.5564855	-4.385912	-0.04605533	0.2728451	0.1725472	-1.409962	0.2571946	0.2329929	-0.03479398	-0.1333298	0.02911716	0.1078382	-0.4354663
	0.2729162	0.1803794	-0.4932007	-4.067392	-0.1400973	0.2347654	0.1770633	-1.398138	0.2532823	0.2602512	-0.1223552	-0.0597162	0.3614084	0.1371905	-0.5686134
	0.2340511	0.1685918	-0.6164713	-4.25275	-0.1433744	0.2431834	0.133894	-1.378699	0.2560397	0.1731789	-0.07685358	-0.1596372	0.3188066	0.1159354	-0.5538971
	0.2940336	0.2089058	-0.4002267	-4.093212	-0.07974583	0.2797552	0.1972262	-1.09606	0.2679476	0.2598342	0.004972809	-0.1057521	0.3504645	0.1346485	-0.4144129
	0.3002617	0.1751355	-0.6752136	-4.339874	-0.1282015	0.2343786	0.1662877	-0.8048127	0.2527814	0.2523793	-0.1303771	-0.09836776	0.1187155	0.1106347	-0.6396025
	0.199978	0.2064605	0.2046537	-4.874817	-0.1860308	0.2600201	0.2046536	-0.8786719	0.2046537	0.2298623	-0.09960968	-0.2056372	0.6533317	0.2046536	-0.9280963
	0.4137835	0.1811658	-0.9946186	-4.934131	-0.218068	0.2771506	0.1802472	-1.148604	0.2729068	0.2275912	-0.3190684	0.004769703	-0.1410344	0.06291988	-0.7177082
	0.2583838	0.1792367	-0.4857815	-3.904779	-0.02294052	0.2261144	0.1747388	-0.5938982	0.2330848	0.2949235	0.07530482	-0.1325923	0.2286257	0.09370227	-0.5789578
	0.2496218	0.177071	-0.5506391	-4.115339	-0.1731774	0.208083	0.149322	-1.290765	0.2588881	0.226159	-0.157386	-0.1900662	0.4412352	0.1488316	-0.7304777
	0.6490049	0.3420364	-0.9290572	-5.127168	0.002510698	0.2511512	0.3055195	-1.888071	0.4184074	0.4039913	-0.06044789	-0.0356576	-0.3720857	0.01287378	-0.8958749
	0.2669133	0.1788081	-0.5101396	-4.324958	-0.1398035	0.1927337	0.1665493	-1.806237	0.2297169	0.2930699	-0.07473316	-0.1541647	0.2009358	0.05755181	-0.7309207
	0.2731428	0.1696729	-0.8043071	-4.643019	-0.1414193	0.2101754	0.1580875	-1.764083	0.2459179	0.2217531	-0.1652463	-0.09368843	0.03899925	0.1582254	-0.5498776
	0.2935416	0.1800783	-0.5938262	-4.245918	-0.04814604	0.2047302	0.1661717	-1.377933	0.2675819	0.2242988	-0.2076347	-0.2542389	0.2658778	0.1292101	-0.5564442
	0.2495619	0.1770632	0.1770634	-4.527455	-0.001261479	0.1854154	0.1725167	-0.6037433	0.1770632	0.3505183	-0.1732531	-0.2358775	0.1923906	0.1770632	-0.8282937
	0.3031638	0.1699717	-0.8447255	-4.70832	0.002260774	0.2430709	0.1632914	-1.572923	0.2570148	0.1628427	-0.01233334	-0.1124248	-0.1839119	0.09153667	-0.6265125
	0.3165748	0.1724411	-0.4616676	-4.508319	-0.03230951	0.2545064	0.1621083	-1.115922	0.2216327	0.2352315	-0.1856888	-0.2386788	-0.04661682	0.1211702	-0.7199624
	0.2325295	0.175695	0.1756951	-4.269786	-0.06411898	0.1797725	0.1661616	-0.5190765	0.1906445	0.2537697	-0.3447933	-0.246049	0.226065	0.175695	-1.088662
	0.3228551	0.1859474	-0.5818448	-4.102916	-0.1261575	0.2473981	0.1802159	-1.562273	0.2559885	0.2565665	-0.07614233	-0.1097982	0.1871321	0.1146373	-0.4589629
	0.242504	0.1788921	-0.5948157	-4.063497	-0.05351431	0.1790981	0.1782318	-1.249483	0.2639959	0.199936	0.1173855	-0.06010623	0.352244	0.08184522	-0.7655352
	0.2642923	0.1746753	-0.5551536	-4.025674	-0.2317452	0.2309138	0.148301	-1.626118	0.2200262	0.258635	0.02471149	-0.2193119	0.4871251	0.0902189	-0.5290268
	0.2322681	0.1712576	0.1712578	-5.186622	-0.04289625	0.2224636	0.1712576	-0.9502558	0.1712579	0.2321316	-0.1670199	-0.2055834	0.4689974	0.1712577	-1.052942
	0.3375156	0.1764269	-0.7977267	-5.012577	-0.2347181	0.274872	0.1750703	-1.733745	0.2493028	0.26405	-0.2212972	-0.06877432	-0.2621559	0.1253787	-0.6078318
	0.2414412	0.1760986	0.1760987	-4.611656	-0.1655004	0.2321944	0.1681236	-1.153628	0.1760987	0.2925982	-0.2407666	-0.2737522	0.4058377	0.1760986	-0.5821723
	0.3652019	0.1742774	-0.8015791	-4.79618	-0.1452246	0.2415325	0.1690054	-1.434184	0.258548	0.2792402	-0.09268824	-0.1181084	-0.1138859	0.02570196	-0.4312537
	0.3253306	0.1768216	-0.7647701	-4.269997	-0.0805991	0.1714505	0.175531	-0.7293594	0.2907161	0.2297318	-0.1388917	-0.1219368	0.2247155	0.01273687	-0.9343008
	0.2807028	0.3278472	-0.8122062	-4.093611	-0.2065136	0.1906128	0.2552885	-1.211432	0.3819433	0.2418423	-0.1142779	-0.05718768	0.4776315	0.226875	-0.9626872
	0.3087228	0.1845377	-0.5615171	-4.070541	-0.0363087	0.2091478	0.1676771	-1.572544	0.2674194	0.2021748	-0.2480473	-0.1872693	0.3657099	0.1547323	-0.6603252
	0.3036184	0.1794252	-0.6331569	-3.965708	-0.04497475	0.24913	0.1801039	-1.340235	0.2796808	0.2509093	-0.1649387	-0.1032318	0.4393521	0.06296003	-0.6236191
	0.3021474	0.19377	-0.4364514	-4.386231	-0.1087977	0.2344405	0.1822982	-1.335073	0.2398959	0.3253953	-0.0305432	-0.1156647	0.08123147	0.1219972	-0.7680148
	0.2804923	0.1894943	-0.5040706	-4.017832	-0.1210018	0.2213364	0.1826802	-0.6108991	0.2447779	0.2172846	-0.08097926	-0.09499744	0.5028904	0.1162931	-0.5237368
	0.4020136	0.1741519	-0.922485	-5.165802	-0.1297961	0.2128476	0.1592907	-1.203821	0.2208518	0.2845589	0.1741519	-0.43594	-0.5492213	0.04998541	-0.5535941
	0.3604648	0.1809274	-0.6394777	-4.554911	-0.03626759	0.2424881	0.1762382	-0.9796082	0.2546728	0.2189121	-0.02726332	-0.1410136	-0.07751655	0.07615057	-0.9323551
	0.2895152	0.1727306	-0.5212909	-3.931295	-0.2016948	0.2253053	0.1591436	-0.7800365	0.2527986	0.2275975	-0.1996903	-0.1354894	0.6260951	0.1178657	-1.098889
	0.25921	0.1807614	-0.5168538	-4.020315	-0.1867899	0.1745731	0.1759131	-1.699893	0.2648692	0.2696321	-0.1369761	-0.128945	0.5235606	0.1044988	-0.5989573
	0.2732822	0.18419	-0.6217839	-4.414467	-0.04743672	0.1806274	0.1703099	-1.628613	0.2584602	0.2592503	0.01717894	-0.1606425	0.01593304	0.08637325	-0.6593336
	0.3108965	0.1939232	-0.636756	-4.229333	-0.1692493	0.2601046	0.195571	-1.337872	0.2857635	0.2020569	-0.1134046	-0.03031363	0.323524	0.06717879	-0.3847435
	0.2002324	0.1831903	0.1831904	-4.759535	-0.1216928	0.204691	0.1831904	-0.9538285	0.1831904	0.2010142	-0.1016531	-0.2345864	0.9232986	0.1831903	-0.5437898
	0.2322271	0.1830593	-0.4970361	-4.076949	-0.18714	0.1874972	0.1748168	-0.5479017	0.2391194	0.2274118	0.02342954	-0.1612797	0.4516158	0.1085229	-0.7759136
	0.3640325	0.1674418	-1.202537	-5.038472	-0.1832757	0.2300439	0.1629166	-1.118178	0.238964	0.2441058	-0.2510758	-0.06052056	-0.4294102	0.04711247	-0.7535186
	0.4058028	0.2071515	-0.7748121	-4.760659	-0.1269092	0.2731888	0.1992558	-1.889508	0.2941669	0.2541079	-0.2357058	-0.053924	-0.1913907	0.1483779	-0.08514741
	0.244012	0.1800596	0.1800597	-4.555725	-0.03773474	0.2382142	0.1676811	-1.153552	0.1800598	0.3459605	-0.2424795	-0.1831048	0.08380954	0.1800596	-0.6355047
	0.2673878	0.1735787	-0.709342	-4.33307	-0.2158908	0.1692021	0.1530591	-1.245905	0.2469951	0.2218561	-0.1296407	-0.1765656	0.4372387	0.07043227	-0.6042506
	0.2381884	0.187432	0.1874323	-4.571075	-0.07346621	0.2506974	0.1903593	-1.264945	0.187432	0.171354	-0.3245623	-0.1635844	0.05595487	0.1579509	-0.7529141
	0.3071414	0.1815595	-0.6222703	-4.621747	-0.21931	0.2686795	0.1824865	-1.348515	0.2562811	0.2851106	-0.04528714	0.01312724	0.03096666	0.04141749	-0.8550067
	0.360379	0.2025406	-0.663914	-4.508856	-0.1737917	0.2341171	0.192872	-1.39652	0.2969957	0.2235687	-0.2155667	-0.09682171	0.2559499	0.1212652	-0.4314126
	0.2539949	0.1788048	0.1788049	-4.444737	-0.1955033	0.2571226	0.1811505	-1.256145	0.178805	0.2961311	-0.3817745	-0.2130362	0.1231088	0.1544896	-1.037505
	0.2698078	0.1827416	-0.485423	-4.003957	-0.1469562	0.2217361	0.1710234	-0.6063737	0.2566395	0.2068612	-0.07793118	-0.1753847	0.4023091	0.09416532	-0.8075123
	0.2489665	0.1773948	0.1773777	-5.556717	-0.01162669	0.2251395	0.1773776	-1.03425	0.1773776	0.3162087	-0.1909188	-0.1174985	-0.009440947	0.1773776	-0.7538467
	0.2167819	0.181124	-0.5245405	-3.611201	-0.1026766	0.2076707	0.1792859	-1.059988	0.2920716	0.2672547	-0.2197565	-0.04657568	0.6573792	0.1505022	-0.7520648
	0.2753853	0.1796546	0.1796547	-4.841797	-0.03152154	0.2639233	0.1857486	-1.253129	0.1796547	0.1757348	-0.3304994	-0.266094	-0.2087886	0.1697528	-1.077813
	0.2687473	0.1712318	-0.8873348	-4.526632	-0.26097	0.1738008	0.1642755	-1.635203	0.2760029	0.2185019	-0.2394376	-0.1189585	0.2395397	0.1098413	-0.3610368
	0.1904388	0.1808487	-0.3776006	-3.585283	-0.1670059	0.1853317	0.1568556	-1.492464	0.2674871	0.2259958	-0.1305649	-0.1722732	0.7713286	0.1706648	-0.6375833
	0.281148	0.1863964	-0.580555	-4.11049	-0.2644909	0.2206012	0.185988	-1.344344	0.2656091	0.2131624	-0.1187837	-0.09245859	0.7048499	0.1102058	-0.4880693
	0.3520285	0.1918004	-0.8039556	-4.520763	-0.1861436	0.3122044	0.1787227	-1.776728	0.2870232	0.2108505	-0.1701721	-0.07810588	0.1969825	0.06762508	-1.119716
	0.3401093	0.1667753	-0.9374552	-4.78228	-0.1104307	0.1976008	0.1661407	-1.691624	0.2478413	0.2085928	-0.1263123	-0.07197103	-0.2003497	0.05908564	-0.5061287
	0.3035053	0.188651	-0.6227839	-4.078242	-0.2970546	0.1865024	0.1850858	-1.035502	0.2823895	0.2475799	-0.1772087	-0.1114581	0.5490209	0.1073104	-0.6457837
	0.3089616	0.1824991	-0.4996075	-4.066384	-0.06417938	0.253419	0.1715236	-0.771059	0.230975	0.2294665	-0.1279611	-0.1530437	0.367162	0.1006974	-0.5135001
	0.2219694	0.179369	-0.3173713	-4.065842	-0.156365	0.2426875	0.160538	-1.337701	0.241407	0.1942346	-0.007522958	-0.1817569	0.3661611	0.1500051	-0.4064485
	0.2463682	0.1847342	0.184684	-4.062153	-0.2208622	0.2304609	0.1701068	-0.9516201	0.1846841	0.2136956	-0.3560291	-0.3441301	0.9353718	0.1846839	-0.7016857
	0.2921513	0.1767026	-0.8140978	-3.936756	-0.2568051	0.2213959	0.1663881	-0.4978248	0.2725662	0.2327449	-0.08856258	-0.1401723	0.508226	0.06364245	-0.8358723
	0.2909288	0.1734405	-0.5734037	-4.118253	-0.1459644	0.2275179	0.1565577	-1.617345	0.2499154	0.2499629	-0.1440284	-0.1882927	0.2217069	0.1140997	-0.4863321
	0.227753	0.1756998	0.1756999	-4.346625	-0.1847801	0.2533854	0.1735995	-0.9652029	0.1757	0.2636235	-0.141116	-0.2450928	0.4768022	0.1756999	-0.7284132
	0.5310585	0.1644266	-1.339257	-5.356044	-0.1566113	0.2439298	0.1516711	-1.807508	0.2407514	0.2936951	-0.2770313	-0.1138601	-0.7651173	-0.03019788	-0.7046666
	0.338265	0.1881695	-0.7628807	-4.32065	-0.2115467	0.2758838	0.1824121	-1.475205	0.2816924	0.2277532	-0.2119456	-0.04442338	0.2085558	0.04654792	-0.3494148
	0.2920559	0.1844394	-0.7205255	-4.370291	-0.2898814	0.2568263	0.1612324	-1.036769	0.2509502	0.2306884	0.05156958	-0.1490071	0.2211365	0.07898701	-0.5824008
	0.3241342	0.2013745	-0.6427858	-4.517569	-0.2712153	0.2556988	0.1898525	-1.297096	0.2690391	0.2595227	-0.07300232	-0.1757741	0.103215	0.09943724	-0.4731609
	0.2809791	0.1820819	0.182082	-4.314496	-0.02099254	0.278636	0.1842509	-1.229517	0.182082	0.2539034	-0.2931651	-0.2050205	0.09182533	0.1777951	-0.5271756
	0.2856562	0.1782608	-0.6100378	-3.89431	-0.08663388	0.214619	0.1718644	-1.367118	0.2697322	0.2332386	-0.1550732	-0.1112083	0.4803312	0.1141664	-0.5202387
	0.2993598	0.1884155	-0.5005247	-4.349384	-0.04720495	0.2024567	0.1764312	-1.746413	0.2374402	0.3076514	-0.03803172	-0.1212888	0.1597563	0.1034758	-1.015021
	0.1764174	0.1957726	0.1951117	-4.762978	-0.005261869	0.2431529	0.1951117	-0.796965	0.1951117	0.08708915	-0.1959344	-0.1854749	1.030219	0.1951116	-0.5306066
	0.2955083	0.1750376	-0.6333681	-4.071767	-0.06079472	0.218271	0.1726277	-1.243638	0.249157	0.2136224	0.08869102	-0.1154482	0.3350774	0.05739009	-1.206464
	0.3108545	0.2097266	-0.5557681	-4.249416	-0.1341148	0.2857584	0.2092573	-1.594033	0.2973103	0.2773093	-0.06390646	-0.03225175	0.204184	0.1267554	-0.5956006
	0.2833116	0.1771151	-0.7600796	-4.298559	-0.3045946	0.2670108	0.1597665	-1.737679	0.2642088	0.228004	-0.1881325	-0.202779	0.3577929	0.1209967	-0.5330647
	0.2195118	0.1776257	0.1776259	-4.086174	-0.1295485	0.215004	0.1720487	-0.3707197	0.1776258	0.2554246	-0.2920116	-0.2304546	0.7313073	0.1776257	-0.8968134
	0.3066528	0.18403	-0.5291762	-4.587219	-0.08312882	0.2376017	0.1852198	-1.753083	0.2573686	0.2099769	-0.03475369	-0.0143205	-0.08487305	0.09980922	-0.9490974
	0.2895395	0.1721095	-0.6991615	-4.633626	-0.06955287	0.2283715	0.1698825	-1.504264	0.2554668	0.2297381	-0.1834873	-0.07644827	-0.01957618	0.1271678	-0.8340157
	0.2171133	0.1832368	-0.5869295	-4.025417	-0.320788	0.2375161	0.1670383	-1.452649	0.2858624	0.2276877	-0.2369004	-0.1407028	0.7398366	0.1567174	-0.6016986
	0.3407692	0.173011	-0.8483677	-4.75729	-0.2083291	0.2237514	0.1636469	-0.8977017	0.2484636	0.2378124	-0.02033138	-0.1784565	-0.1773136	0.03905377	-0.799325
	0.3054042	0.1686892	-0.8897718	-4.805555	-0.1574011	0.2217696	0.1573225	-1.756755	0.2555523	0.2235549	-0.1276453	-0.1411533	-0.2706595	0.0915804	-0.3441902
	0.2531997	0.1853448	-0.6031823	-4.190146	-0.2015565	0.2047016	0.1812111	-1.494257	0.269053	0.2216905	0.0250206	-0.1059948	0.2873743	0.09256968	-0.7301724
	0.303754	0.1786021	-0.6708241	-4.415267	-0.1896579	0.2674338	0.1655665	-1.716837	0.2499184	0.2276391	-0.2477018	-0.1334452	0.2771561	0.160575	-0.9327485
	0.3752558	0.1880221	-0.7579124	-4.962771	-0.05217026	0.254749	0.1743962	-2.183456	0.2674246	0.2746136	-0.2303422	-0.1034304	-0.4174172	0.1516582	-0.6920559
	0.2525847	0.1803436	0.1803304	-4.36735	-0.09896435	0.2304159	0.1641646	-1.03915	0.1803305	0.282281	-0.3424147	-0.262211	0.4152666	0.1803303	-0.8152963
	0.3293902	0.229494	-0.6465445	-4.409649	-0.09481804	0.2861093	0.2235685	-1.323357	0.3197639	0.2748481	-0.1686571	-0.0794654	0.1614392	0.1693461	-0.6966813
	0.3057575	0.1762139	-0.7774208	-4.264659	-0.3179819	0.2003736	0.1701778	-1.411878	0.2745586	0.2132557	-0.07753157	-0.1594487	0.3783437	0.02030848	-0.8048137
	0.3660604	0.187371	-0.7938956	-4.241787	-0.09336266	0.2232696	0.1871296	-1.347812	0.2781728	0.2359582	-0.1306462	-0.02464953	0.1276996	0.0515276	-0.2887641
	0.3118894	0.1833031	-0.7299126	-4.296328	-0.1349926	0.2460367	0.1637083	-0.9289644	0.2817154	0.2421659	-0.1385099	-0.1953368	0.2585032	0.1108363	-1.148605
	0.3145376	0.1895636	-0.6180056	-4.207128	-0.07146649	0.2443537	0.1789268	-1.297893	0.2646625	0.2236211	-0.07275929	-0.1361301	0.3130493	0.09027597	-0.5938992
	0.4262554	0.3086332	-0.7423958	-4.476961	-0.1001212	0.3199671	0.2835473	-1.621944	0.3901286	0.2436213	-0.05807849	-0.04106484	0.2951764	0.2245257	-0.724871
	0.2678581	0.1831655	-0.4628805	-4.127001	-0.08772783	0.2536001	0.1833318	-0.5992827	0.2403539	0.1485912	0.1320989	-0.1140618	0.3377275	0.08256997	-1.250823
	0.3123631	0.1767022	-0.7139142	-4.468453	-0.16336	0.2259548	0.1722947	-1.78889	0.2738565	0.2250057	-0.2708777	-0.1081411	0.1479412	0.1135223	-1.00904
	0.2660341	0.1856703	0.1856688	-4.489067	-0.1055845	0.2343958	0.1828255	-1.070634	0.1856689	0.2928241	-0.2174192	-0.2320161	0.4019543	0.1856687	-0.8626856
	0.2460693	0.1789936	-0.4330937	-4.142035	-0.1571045	0.2565873	0.1653992	-1.27954	0.2395584	0.1755057	0.009664098	-0.1519792	0.3665387	0.1293922	-0.6037443
	0.2614414	0.1760196	-0.6396731	-4.456678	-0.1482119	0.2136017	0.1727867	-0.7317659	0.2560589	0.2688127	-0.03738826	-0.03895921	0.07716544	0.07546579	-0.9992316
	0.2589736	0.1787245	-0.5991818	-4.290644	-0.2244169	0.2193644	0.1798555	-1.242814	0.2604001	0.2807585	-0.1528356	0.02279519	0.2841569	0.08804817	-1.115923
	0.3176834	0.2023646	-0.6519328	-4.410992	-0.08525773	0.2575549	0.1858205	-1.893631	0.2763458	0.2795735	0.0438765	-0.1151097	0.002178788	0.1188083	-0.5190775
	0.2801953	0.1713009	-0.4824803	-4.302458	-0.04262311	0.2348667	0.1553627	-1.302401	0.217975	0.251149	-0.07645509	-0.1910153	0.04669833	0.09155148	-0.8199341
	0.2846366	0.1783468	-0.7477478	-4.334231	-0.1930358	0.2047893	0.1692251	-0.7280851	0.2634473	0.1999543	-0.1129664	-0.1257989	0.2586695	0.1126495	-0.5351988
	0.2830603	0.1785175	-0.6712984	-4.551003	-0.1641383	0.2189716	0.1713857	-0.8809241	0.2569823	0.1405425	-0.04187808	-0.131944	0.2223226	0.1231542	-0.60829
	0.2456646	0.1699806	-0.5131861	-4.084174	-0.271073	0.2167077	0.1575587	-0.6213046	0.2429348	0.2035874	-0.1062782	-0.1806387	0.5960178	0.1190182	-0.5394918
	0.2879712	0.1807376	-0.5712134	-4.067304	-0.1608692	0.2837385	0.1775149	-1.246697	0.2576709	0.2424092	-0.1846651	-0.06772768	0.3758641	0.107374	-0.624985
	0.2000936	0.1798418	0.1798419	-4.937926	-0.1545522	0.1528595	0.1798418	-0.8659041	0.179842	0.2723123	-0.195409	-0.2146334	0.5862334	0.1798418	-1.136026
	0.2697088	0.1725089	-0.4077099	-4.534131	-0.1523136	0.2982468	0.1633834	-1.723778	0.2311635	0.2963038	-0.1205486	-0.1298975	-0.203189	0.1390097	-0.7293604
	0.283262	0.2426928	-0.6179515	-4.268081	-0.4647364	0.2439633	0.2265469	-1.64268	0.3185494	0.29315	0.0438139	-0.06171997	0.4466664	0.172205	-0.5840707
	0.3487022	0.4440223	-0.567238	-4.324385	-0.01370184	0.2631593	0.3085968	-1.190867	0.4226496	0.1074965	-0.009929923	0.04399	0.4909312	0.1768226	-0.8336253
	0.3008517	0.181799	-0.4981455	-4.245418	-0.2366436	0.2376015	0.1749666	-0.8446262	0.2542355	0.2357346	-0.3078549	-0.1002973	0.4195396	0.1466196	-0.6799585
	0.2842954	0.180251	-0.64465	-4.223516	-0.04912064	0.1931633	0.1780797	-0.6994878	0.2553528	0.2413505	-0.02124168	-0.1190804	0.06020378	0.07838027	-0.8756396
	0.3394774	0.1810559	-0.7946205	-4.556358	-0.1421413	0.2640008	0.175471	-0.9207	0.2638704	0.2362597	-0.1236257	-0.1214534	-0.1026662	0.07806424	-0.6109001
	0.3410639	0.1755944	-0.8007834	-4.52146	-0.2152448	0.2693852	0.178281	-0.818938	0.2699965	0.1727366	-0.1053375	-0.01495218	0.08456771	0.02634495	-1.221988
	0.3219433	0.1790507	-0.7908422	-4.277933	-0.163775	0.2094882	0.1647698	-1.276018	0.2749743	0.2131231	-0.09672666	-0.199702	0.2252757	0.08325565	-0.9796092
	0.3226889	0.1744582	-0.9383119	-4.835358	-0.04858261	0.2352225	0.1602807	-1.475736	0.2725942	0.1579949	-0.1793957	-0.1204022	-0.338664	0.1072841	-0.6354367
	0.341667	0.1871762	-0.6692208	-4.674569	-0.2513974	0.2254357	0.1732964	-1.017738	0.257864	0.2880477	-0.1033256	-0.1615753	0.1150667	0.09037004	-0.7749797
	0.356192	0.1784696	-0.5789717	-4.593179	-0.02223057	0.2277276	0.174903	-1.010722	0.2412137	0.2871829	-0.1254924	-0.1150539	-0.1669932	0.08022955	-0.6472473
	0.3821159	0.219151	-0.8833997	-4.364223	-0.3011326	0.2563789	0.2113713	-1.73479	0.3154674	0.2856869	-0.1986583	-0.001404707	0.2079809	0.1293597	-0.3033793
	0.1875524	0.1801207	0.180006	-4.128071	-0.1493136	0.2328832	0.1812318	-0.796438	0.1800058	0.202494	-0.3676225	-0.2445686	0.4622073	0.1697263	-0.5479027
	0.2798096	0.1795228	-0.6376153	-4.141089	-0.3575985	0.2024408	0.1653693	-0.7198001	0.2714866	0.2810014	-0.210366	-0.1413115	0.7096872	0.09039173	-1.118179
	0.3150146	0.1774111	-0.8970391	-4.727656	-0.2589556	0.1961277	0.1684723	-1.767068	0.2811141	0.2434642	-0.307766	-0.08411599	0.05763646	0.1093773	-1.108727
	0.317667	0.2002768	-0.5509193	-4.382102	-0.1141797	0.2734462	0.1882904	-2.005154	0.245841	0.2532056	0.1086183	-0.152247	0.1301921	0.08752648	-0.6212651
	0.3451694	0.1764945	-0.8612652	-4.237076	-0.09831989	0.2618941	0.167322	-1.174709	0.2638243	0.201129	-0.009889155	-0.1288514	0.1511729	0.03375233	-0.7303644
	0.2565061	0.1764115	-0.5581298	-4.260324	-0.1176324	0.2728788	0.1641399	-1.298951	0.252219	0.1927996	-0.0679204	-0.1730533	0.1680929	0.117859	-0.6709271
	0.265718	0.1773521	-0.4362254	-4.262243	-0.1187637	0.1945079	0.171362	-0.8669633	0.2515014	0.249707	-0.2261039	-0.1214625	0.3403752	0.151346	-0.6116603
	0.4213644	0.4373396	-0.2742866	-4.476201	-0.2919713	0.4087486	0.3474074	-1.497468	0.4251784	0.3827105	0.02954821	0.08473199	0.2275978	0.2996509	-0.6063747
	0.2543898	0.1737549	0.173755	-4.239396	-0.08171732	0.2060131	0.1531913	-0.6558072	0.1737549	0.2804991	-0.4371638	-0.3804852	0.2474135	0.1676594	-0.7451266
	0.2594191	0.1756835	-0.4604228	-4.103467	-0.02935694	0.2555709	0.1731416	-1.278595	0.2402719	0.2955157	0.008691954	-0.08579111	0.01102212	0.1078111	-0.4500009
	0.2298039	0.1748072	0.1748073	-4.093486	-0.1642414	0.2149272	0.1746303	-0.5069303	0.1748072	0.2201928	-0.3966756	-0.2519459	0.3564028	0.1604547	-0.9572705
	0.2733077	0.1857059	-0.4972086	-4.214449	-0.1669935	0.251783	0.1594478	-1.483779	0.2393476	0.2420135	0.1512123	-0.190287	0.332213	0.1017924	-0.8298971
	0.2951395	0.1766299	-0.6274593	-4.452883	-0.141423	0.1800741	0.1768729	-0.9284917	0.2495247	0.2563375	-0.1543312	-0.1072957	-0.0004555459	0.1011739	-0.4129411
	0.4346168	0.1722285	-1.106005	-4.90952	-0.1926859	0.2175895	0.1648324	-1.100357	0.2692692	0.2043354	-0.2064525	-0.09523523	-0.1672902	0.03559332	-0.6353588
	0.3406129	0.1764962	-0.7653839	-4.678137	-0.1824583	0.2585716	0.1790849	-0.9049472	0.2791173	0.2072914	-0.1358436	-0.02062979	0.06028345	0.003444924	-0.8374851
	0.2362035	0.1755933	0.1755934	-4.376469	-0.08501011	0.2307517	0.1719747	-0.5475054	0.1755934	0.3015785	-0.201703	-0.2278557	0.2524776	0.1755933	-1.089397
	0.2930812	0.1783956	-0.4845122	-4.344898	-0.03723671	0.3275674	0.1773533	-0.8829044	0.2226801	0.2006299	0.01649667	-0.1289213	-0.02242669	0.09589736	-0.7710599
	0.2359965	0.1788633	-0.4565873	-4.216725	-0.158867	0.2261536	0.1609044	-1.50015	0.2474865	0.2511417	-0.1195217	-0.175935	0.3434111	0.1305483	-0.611786
	0.3040447	0.312187	-0.5786862	-4.38631	-0.5519303	0.1759285	0.2706959	-1.200401	0.3563973	0.2970691	0.0112751	-0.0964155	0.2128177	0.1426161	-0.4445158
	0.2450956	0.1861838	0.1861838	-4.100676	-0.2236664	0.2313499	0.1765581	-1.038984	0.1861839	0.3095052	-0.2924931	-0.3167803	0.627374	0.1861839	-0.4978258
	0.3432215	0.1777035	-0.523475	-4.777754	-0.162962	0.2538981	0.1746051	-1.172498	0.2322932	0.3396144	-0.1619065	-0.1082487	-0.1943338	0.08216344	-0.8026601
	0.2750396	0.2830004	0.1952975	-4.456446	0.04660745	0.1795202	0.186954	-1.163038	0.1952974	0.356439	-0.2733823	-0.1922229	0.2632652	0.1952973	-0.5000231
	0.2515408	0.1761941	-0.5677384	-4.17908	-0.1007013	0.2446975	0.1690939	-1.428227	0.2558462	0.1945297	-0.1136074	-0.1698716	0.2033716	0.0749295	-1.403961
	0.2783076	0.2139258	-0.5376583	-3.974468	-0.1716921	0.2532459	0.1978768	-1.231431	0.2835751	0.2551842	0.007472895	-0.1137278	0.3798563	0.1398967	-0.6894064
	0.3167697	0.1976542	-0.5873466	-4.492761	-0.1380017	0.1721256	0.1866824	-1.703086	0.2768199	0.2827215	-0.05996472	-0.1387247	0.13285	0.07750233	-0.6467684
	0.312613	0.185123	-0.5729241	-4.462837	-0.18983	0.2509733	0.1847371	-1.354582	0.266469	0.2224401	-0.1049317	-0.08220345	0.07501096	0.05863077	-0.8267645
	0.2959093	0.1749681	-0.629731	-4.357888	-0.1147053	0.2735812	0.159242	-0.8915376	0.2444401	0.2176404	-0.04034309	-0.2265199	0.04815605	0.1093717	-0.6641151
	0.426781	0.3497778	-0.8035493	-4.407196	0.04113071	0.3274712	0.3040438	-1.291091	0.3979208	0.2619807	0.01638214	0.04076311	0.0339618	0.2200348	-0.8043819
	0.2828624	0.1693363	-0.8449944	-4.497867	-0.1959204	0.2289592	0.1684989	-1.415028	0.2568393	0.2435144	-0.01931018	3.471392e-06	0.01625083	0.03086503	-0.3142599
	0.3045798	0.1810382	-0.8171917	-4.449806	-0.1652157	0.1895015	0.1757469	-1.457006	0.2833487	0.1864758	-0.02885809	-0.08329139	0.2135213	0.04086391	-0.6222538
	0.3543732	0.1840621	-0.8614314	-4.358743	-0.07595891	0.21937	0.1641398	-0.8113678	0.2760329	0.2401517	-0.03140024	-0.1762903	0.2164432	0.0497155	-0.7306525
	0.28895	0.1732985	-0.7169103	-4.578266	-0.1141208	0.2079381	0.1736051	-1.518851	0.2591137	0.2728433	-0.1292951	-0.0536008	0.0143982	0.09371021	-0.8648991
	0.3411416	0.1745082	-0.8112837	-4.337623	-0.09373852	0.2342441	0.129966	-1.640524	0.2608275	0.2178486	-0.134288	-0.1985565	0.09839437	0.08592442	-0.3707207
	0.2474944	0.1808009	-0.487283	-3.849108	-0.2407767	0.204719	0.1461212	-1.659821	0.2562024	0.2695	-0.17485	-0.1989933	0.669833	0.1401588	-0.9587559
	0.3104391	0.1869035	-0.5082484	-4.316804	-0.00994948	0.2020773	0.1797557	-1.352136	0.258715	0.2826934	-0.03043382	-0.1290963	0.0577206	0.08261875	-1.045151
	0.3690039	0.179078	-0.8568683	-4.357567	-0.2085462	0.2360924	0.1783886	-1.570426	0.2705335	0.2594181	-0.127961	-0.05261354	0.2142078	0.04575588	-0.6212114
	0.3142461	0.1656588	-0.8001319	-4.323905	-0.1620218	0.1930847	0.1629611	-0.7598689	0.2686946	0.196566	-0.2004931	-0.1341045	0.244869	0.04905383	-0.9729621
	0.2670823	0.1725214	-0.7668846	-4.453546	-0.2562986	0.1523706	0.1651354	-0.8311764	0.2567958	0.2618959	-0.1628032	-0.1794839	0.3611308	0.1419518	-0.5815349
	0.3070025	0.352284	-0.3359496	-3.531164	0.009360614	0.3042489	0.3138184	-0.9222128	0.4093785	0.2498214	-0.1186278	0.06097674	0.9515766	0.29652	-0.9397892
	0.2446969	0.1810255	0.1810257	-4.523269	-0.1688913	0.2267886	0.1766914	-0.6754563	0.2107098	0.3161428	-0.362113	-0.2828256	-0.04176946	0.1740808	-1.27498
	0.3065774	0.1820421	-0.6773274	-3.990246	-0.09096942	0.2236442	0.1765212	-1.489293	0.278073	0.247895	-0.2449102	-0.1557814	0.2765432	0.08140596	-0.5923215
	0.3016775	0.1738852	-0.7577203	-4.546394	-0.2688544	0.2175796	0.1651645	-1.047582	0.2551048	0.2260693	-0.05181512	-0.1527685	0.02089801	0.06392291	-0.8652179
	0.2724115	0.1703223	-0.6469582	-4.426854	-0.1698951	0.2110796	0.1677078	-0.8408348	0.2488514	0.232689	-0.1225985	-0.09300165	0.1076504	0.1080182	-0.5759641
	0.282571	0.2036194	-0.6441861	-4.056893	-0.1926559	0.2549607	0.1862245	-1.378318	0.2854917	0.2510796	0.003202754	-0.1562531	0.3788225	0.1187434	-0.7437421
	0.2698559	0.1880466	-0.5860869	-4.429777	-0.1965657	0.2252419	0.1781426	-0.9094754	0.2717282	0.31548	-0.2261355	-0.1962815	0.1764297	0.1564968	-0.9289654
	0.2284163	0.1795426	-0.4499386	-3.947112	-0.1187092	0.2222876	0.1795599	-0.9363211	0.2647324	0.1838785	-0.02313135	0.05221325	0.5125714	0.09232957	-0.7251438
	0.2638399	0.1818119	-0.6663785	-4.26122	-0.1475792	0.2348578	0.1747535	-1.649324	0.2658041	0.2120273	-0.09096223	-0.0969802	0.1862364	0.09567456	-0.5992836
	0.2535378	0.1863181	-0.5197313	-3.947323	-0.1479883	0.2356878	0.1825627	-1.630342	0.2527666	0.2309063	-0.05376941	-0.1160776	0.3915994	0.134391	-0.958756
	0.2720723	0.1709154	-0.7615997	-4.203104	-0.2853254	0.2092453	0.1577543	-0.8280447	0.2570195	0.2707474	-0.3306854	-0.102024	0.371844	0.180449	-0.5973072
	0.270969	0.1795352	0.1795354	-4.58038	-0.0608779	0.2817168	0.1848711	-0.7381731	0.1795353	0.2767742	-0.2243074	-0.179013	-0.1167483	0.1795119	-0.6517305
	0.2277209	0.1810955	0.1810956	-3.967683	-0.0562445	0.1656811	0.1676284	-0.8660053	0.1810956	0.3179908	-0.3245319	-0.3025321	0.737169	0.1810955	-0.7317669
	0.2280798	0.1749109	-0.5621048	-4.249046	-0.3067648	0.2664972	0.1683014	-1.455973	0.2609217	0.236235	-0.1304381	-0.1105203	0.3968753	0.1133378	-0.6165183
	0.3094719	0.1806312	-0.5896054	-4.698353	-0.1331898	0.3307886	0.1782291	-1.016259	0.251343	0.1833597	-0.02105307	-0.04388304	-0.0504934	0.1007152	-0.9288655
	0.2518809	0.1826095	-0.570714	-3.881947	-0.212055	0.2274144	0.1848122	-1.203623	0.2668176	0.1975215	-0.1587701	-0.05378411	0.6592014	0.09521429	-0.8498869
	0.2487103	0.184531	0.1845311	-4.349905	-0.05454551	0.2489514	0.1840556	-0.4872563	0.1845311	0.2015216	-0.2379426	-0.2160822	0.4252488	0.184531	-0.7280861
	0.3339963	0.1853953	-0.5739128	-4.360919	-0.1629613	0.2971037	0.1795282	-1.946008	0.2570131	0.2339091	-0.2570785	-0.1067555	0.1991126	0.1209659	-0.8809251
	0.2198545	0.1861349	0.1861349	-4.197465	-0.1642141	0.1998574	0.1843799	-0.3425365	0.186135	0.2692758	-0.2186584	-0.2037594	0.722354	0.1861349	-0.6733057
	0.316973	0.1762588	-0.8247975	-4.453252	-0.2295244	0.23536	0.1288263	-1.513744	0.2626457	0.2294639	-0.1179475	-0.216476	0.1792558	0.1034025	-0.278226
	0.1286537	0.8409238	-0.08411913	-3.676275	-0.03304458	0.0789008	0.2817302	-0.7808889	0.3643162	-0.1111574	0.118238	-0.002604748	0.8392006	0.2360165	-0.9663496
	0.2748219	0.1734679	-0.6510797	-4.383831	-0.1583172	0.2502384	0.1665081	-1.043105	0.261422	0.1955022	-0.1268151	-0.1434374	0.1063541	0.09936695	-0.5610928
	0.35065	0.1694246	-0.7831912	-4.665732	-0.177388	0.2635835	0.1690888	-1.063208	0.2509191	0.2446051	-0.2783315	-0.02319264	-0.04197812	0.09180453	-0.6767973
	0.2473396	0.1734476	-0.6239997	-4.224949	-0.05334333	0.1829261	0.1641701	-1.411335	0.2814852	0.2291455	-0.1810337	-0.1134081	0.2659853	0.1276064	-0.8446272
	0.2458646	0.173902	0.1739022	-4.470098	0.01299241	0.2087611	0.1727019	-1.161106	0.1739022	0.2267133	-0.2676093	-0.2334403	0.3972774	0.173902	-0.6994888
	0.3652489	0.1799834	-0.8753981	-4.631544	-0.1548589	0.2834785	0.1734323	-1.279574	0.2588673	0.2261634	-0.08590273	-0.07143781	-0.01890655	0.06186348	-0.920701
	0.3160683	0.1912727	-0.6665741	-4.451616	-0.213885	0.2542633	0.1818	-1.693262	0.278399	0.2446389	-0.2825107	-0.09237778	0.1361284	0.1487316	-0.818939
	0.2747628	0.1806167	0.1806168	-4.769957	-0.1257565	0.2520814	0.1635155	-0.8521965	0.2080311	0.3685256	-0.3507609	-0.2977902	-0.246955	0.1806167	-0.8148654
	0.241647	0.1647201	-0.6015274	-4.301357	-0.2239403	0.1710336	0.1616456	-0.8022098	0.2511123	0.2430331	-0.2327955	-0.1266058	0.4519376	0.121523	-1.017739
	0.3356568	0.1782888	-0.6192437	-4.59953	-0.06873171	0.2510489	0.1793569	-1.349636	0.2521531	0.2255129	-0.1322722	-0.0589949	-0.1825051	0.04386684	-1.010723
	0.2738887	0.2446347	-0.4991904	-4.029268	-0.3739552	0.1229524	0.2328629	-1.238921	0.328345	0.3253817	-0.1051737	-0.07762758	0.5047265	0.1620391	-0.8525956
	0.4208099	0.3497884	-0.5175246	-4.420377	-0.001344803	0.3060342	0.3064707	-1.521482	0.3856072	0.3008947	0.03049519	0.06316376	0.1814989	0.1870969	-0.3585443
	0.2711659	0.1688587	-0.4547771	-4.432405	-0.0912418	0.2228545	0.1686821	-0.9625426	0.2344778	0.2477063	-0.1713678	-0.08029716	0.0424019	0.09599638	-0.719801
	0.3577151	0.1732584	-0.7867147	-4.583616	-0.1925701	0.2383345	0.1684904	-0.8350582	0.2529679	0.2629892	-0.05885147	-0.1318369	-0.0651592	0.02580307	-0.9794645
	0.4030322	0.1750806	-0.858199	-4.536442	-0.1778046	0.265016	0.1752478	-1.829154	0.2669151	0.2307028	-0.1802084	-0.09339843	0.03695061	0.005097216	-0.7808994
	0.3022767	0.1979363	-0.6087612	-4.295337	-0.1027335	0.2374285	0.1752509	-1.58733	0.2686298	0.2689359	0.01315945	-0.2035801	0.1685065	0.1196161	-0.775333
	0.2982639	0.2212035	-0.4471354	-4.220635	-0.152605	0.2718781	0.2218015	-1.476389	0.3063169	0.278483	-0.04196152	0.01364273	0.3962168	0.1073866	-0.702608
	0.2403794	0.1782534	0.1782535	-5.25784	-0.02633698	0.2086231	0.1782534	-1.03004	0.1782534	0.2627999	-0.1665123	-0.155838	0.2582204	0.1782535	-0.8669643
	0.238247	0.1751784	-0.3999238	-4.029507	-0.08644151	0.2349715	0.1614497	-0.715305	0.2518189	0.213466	-0.1289755	-0.1621671	0.3405715	0.1208172	-0.6558081
	0.2333278	0.191209	0.1909413	-4.50322	-0.1106121	0.2090962	0.1797002	-1.112675	0.1909414	0.2929066	-0.2103167	-0.3230928	0.5269729	0.1909412	-0.7160067
	0.3102115	0.178389	-0.5893289	-4.543658	-0.08923373	0.2542655	0.1680889	-0.9027918	0.2487703	0.2192381	-0.1000871	-0.1710006	-0.05031751	0.1013917	-0.5069313
	0.2593962	0.1781517	-0.6684083	-4.402286	-0.268213	0.2510033	0.1776299	-1.532745	0.2647794	0.2125023	-0.2214425	-0.09348447	0.2301948	0.1417829	-0.5458787
	0.3173729	0.1689737	-0.7062482	-4.606942	-0.04337112	0.2233439	0.1641819	-1.169669	0.2237673	0.2428832	-0.07502075	-0.1155325	-0.2122699	0.05291959	-0.9284927
	0.3175867	0.1798073	-0.7024727	-4.653203	-0.2888357	0.2255941	0.1778204	-0.8857749	0.2466131	0.2243558	-0.06651767	-0.1081445	0.07862843	0.05758322	-1.100358
	0.3429234	0.1829198	-0.6408124	-4.684746	-0.1508729	0.2725342	0.1765284	-1.445595	0.2507233	0.2034203	-0.0667845	-0.1043213	0.005886376	0.0846498	-0.9049482
	0.2927076	0.1989719	-0.6731677	-4.488726	-0.2478003	0.2348546	0.189996	-1.396501	0.2910933	0.1786749	-0.06709671	-0.09903846	0.2569701	0.1152821	-0.5475064
	0.2674911	0.1722522	-0.5272792	-4.751199	-0.1328995	0.2829937	0.1653916	-1.081405	0.2564737	0.1364239	-0.1677211	-0.1494636	-0.0315552	0.1503263	-0.8829053
	0.274388	0.1845956	-0.4868874	-4.266298	-0.03747109	0.241557	0.1831282	-1.188136	0.2626205	0.2563503	-0.1574737	-0.0439389	0.1643787	0.1090623	-0.7045211
	0.2989199	0.1774927	-0.5698117	-4.162263	-0.08728888	0.2122677	0.1763019	-0.7646704	0.2538891	0.2337366	-0.1113615	-0.1331315	0.2440614	0.1091454	-0.4219311
	0.401548	0.396346	-0.3892469	-4.362037	-0.266837	0.3311723	0.3237927	-1.263193	0.4058968	0.417687	0.02685234	0.00337453	0.1514815	0.2714426	-1.172499
	0.3165015	0.2489954	-0.4476195	-3.896166	-0.03453738	0.2324174	0.2191435	-1.143324	0.3246754	0.3474713	-0.1476497	-0.1111333	0.3344548	0.204825	-0.6301985
	0.2500809	0.1809519	-0.3408347	-4.140594	-0.2915461	0.2897251	0.1772181	-1.204082	0.2560261	0.1178039	-0.1460844	-0.1755259	0.5046689	0.1530547	-0.6536383
	0.3392914	0.2967418	-0.4767592	-4.123817	-0.361468	0.2348544	0.2632564	-1.112179	0.3560296	0.3490101	-0.09202456	-0.1117672	0.4946185	0.200564	-0.5132554
	0.2543655	0.1808479	-0.4752777	-3.857679	-0.05896775	0.1934427	0.1727846	-0.4883754	0.2362029	0.238407	-0.03338146	-0.1616769	0.3876762	0.1028875	-0.8472552
	0.2415007	0.1616528	-0.8456823	-4.300061	-0.05609563	0.1671855	0.14595	-1.414085	0.2538693	0.2536928	-0.2053087	-0.1118469	0.05286363	0.1300236	-0.7847548
	0.2972393	0.1790233	-0.5402379	-4.631483	-0.1256668	0.3418305	0.1753846	-1.38171	0.2236232	0.2348383	0.03057408	-0.1434329	-0.2031273	0.07806296	-0.8915385
	0.2827196	0.2056262	-0.6483505	-4.166929	-0.1868089	0.1941804	0.2047685	-1.433986	0.2870293	0.2606412	-0.01508383	-0.06776917	0.3783257	0.1510658	-0.7534367
	0.2321365	0.171984	-0.4596711	-3.993908	-0.07465281	0.1708661	0.1685851	-0.5728304	0.2141727	0.2045279	-0.003768713	-0.1219095	0.4145032	0.09220083	-0.6945979
	0.2830109	0.1691426	-0.687664	-4.361761	-0.1440022	0.1920055	0.1454952	-1.52502	0.2379246	0.2342257	-0.07377934	-0.220895	0.2411203	0.06284121	-0.8113688
	0.288227	0.1756192	-0.7954789	-4.107933	-0.1908227	0.2495257	0.1759832	-1.31261	0.2938441	0.2164928	-0.2712609	0.1326865	0.2798127	0.07358945	-0.9303519
	0.2925263	0.2045862	-0.4878395	-4.054073	-0.3056193	0.2461224	0.2018677	-1.365632	0.2860159	0.2487788	-0.1435394	-0.06186342	0.4134776	0.1552448	-0.9486956
	0.2583967	0.1782375	-0.8681884	-4.313397	-0.2491443	0.2197579	0.165997	-1.208026	0.297904	0.2138103	-0.2342931	-0.1469168	0.2709607	0.07336214	-0.5758127
	0.2894083	0.1737285	-0.5376609	-4.443013	-0.206365	0.2514428	0.1705016	-0.9195359	0.2406246	0.2969555	-0.2001309	-0.08143339	0.08187314	0.1251312	-0.8047326
	0.2763067	0.1751171	-0.9078293	-4.41995	-0.1383699	0.2447333	0.1642672	-0.7502346	0.2726752	0.1933949	-0.03316836	-0.1300711	0.1633698	0.06326563	-0.8433291
	0.3345639	0.2188978	-0.4798535	-4.503449	0.02095929	0.274719	0.2144955	-1.859045	0.2983256	0.2729846	-0.1131327	-0.05877896	-0.1375836	0.1607514	-0.7598699
	0.2381588	0.1716732	-0.5363062	-4.266265	-0.3669913	0.178917	0.1564791	-1.908178	0.24886	0.246753	-0.1278411	-0.1868241	0.5931836	0.1315914	-0.8311773
	0.337347	0.1809158	-0.6715211	-4.581328	-0.1883526	0.3127548	0.1808189	-1.98953	0.250166	0.2248554	-0.06733592	-0.01858721	-0.110278	0.07432311	-0.4178896
	0.4183011	0.5034678	-0.5361418	-4.168157	-0.4690383	0.3912805	0.3619663	-1.213943	0.4459949	0.408743	0.1143176	0.05215912	0.3262073	0.2589531	-0.6754573
	0.2815963	0.1989157	0.1985703	-4.743122	-0.1419694	0.1717916	0.1966135	-1.3063	0.2179932	0.3397723	-0.4389835	-0.292062	0.0335231	0.1555454	-0.8408358
	0.2338163	0.1789366	0.1789367	-4.109201	0.02815853	0.184374	0.174964	-0.5206442	0.2107134	0.2348579	-0.3181913	-0.1983968	0.1603346	0.1789366	-0.5203782
	0.3339302	0.2635821	-0.3725391	-4.308631	-0.4419864	0.1520758	0.2455523	-1.484631	0.3257497	0.3143532	-0.1432039	-0.07970988	0.2722373	0.1810081	-0.9094764
	0.2986124	0.1970918	-0.4125717	-4.057516	-0.2254904	0.2332328	0.1791701	-0.7587358	0.265127	0.2735799	-0.1745604	-0.1983987	0.4643982	0.1372646	-0.3911437
	0.2385213	0.1796795	0.1796797	-4.102871	-0.1333674	0.1669392	0.1550475	-1.097232	0.1796797	0.3023601	-0.3904731	-0.3612013	0.4659595	0.1796609	-0.7169423
	0.2686908	0.1708807	-0.6654683	-4.391361	-0.1209521	0.2044818	0.1616214	-0.9472601	0.2699796	0.2047732	-0.3417539	-0.181934	0.228359	0.1637704	-0.6090046
	0.28272	0.1724652	-0.6716664	-4.330946	-0.07469168	0.2513825	0.1722364	-1.48095	0.265393	0.1902101	-0.3114103	-0.07264413	0.1567188	0.1318363	-0.8280456
	0.3135995	0.1836088	-0.7810468	-4.283694	-0.2192049	0.2118321	0.1820263	-1.458469	0.2700961	0.2183808	-0.05864685	-0.006398831	0.2595161	0.0682775	-0.7381741
	0.3514666	0.2074678	-0.7343631	-4.48562	-0.1211662	0.2217127	0.1984502	-1.327091	0.2899842	0.2550162	-0.0703602	-0.09971794	0.1074565	0.106569	-0.3980197
	0.3131975	0.1756848	-1.005846	-4.340574	-0.2921418	0.1906116	0.1495361	-0.8297669	0.3015026	0.2030138	-0.3314671	-0.1992787	0.4545956	0.1176369	-0.6387226
	0.391232	0.1944798	-0.7966185	-4.490894	-0.1820212	0.2246321	0.1804668	-1.340133	0.2812159	0.2807056	-0.1878694	-0.1495049	0.03901837	0.07220312	-0.4620559
	0.3358941	0.1875357	-0.4462245	-4.421156	-0.1339963	0.2617176	0.1890081	-1.472152	0.2508235	0.2335079	-0.1840445	-0.1258683	0.1338801	0.07297116	-0.4872573
	0.2794411	0.1643984	-0.5338657	-4.275985	-0.1576931	0.2198568	0.1568882	-0.8878386	0.2366554	0.2659577	-0.241165	-0.1055828	0.1907195	0.1265518	-0.9279038
	0.3403302	0.1864929	-0.7485279	-4.540726	-0.2013176	0.2547063	0.1778859	-1.690072	0.2543063	0.2399571	-0.01189808	-0.1216656	0.1445036	0.03934456	-0.3425374
	0.2947559	0.1739921	-0.6834401	-4.090744	-0.3076496	0.2242209	0.1698168	-0.6223155	0.2610528	0.2352172	-0.148484	-0.08970794	0.4484469	0.06883852	-0.9325218
	0.1953517	0.1715257	-0.4377942	-3.64221	-0.07008682	0.2201005	0.1684349	-1.032625	0.2538204	0.2056196	-0.09882554	-0.09341513	0.6338359	0.1064086	-0.02500251
	0.2764424	0.1798982	-0.4691897	-4.158823	-0.1437754	0.1979966	0.173289	-0.7284913	0.246652	0.280933	-0.1793878	-0.1318524	0.2917398	0.1308983	-0.7746466
	0.3021024	0.1780788	-0.8137183	-4.358128	-0.2028087	0.2694421	0.1649126	-1.653171	0.2728025	0.2060862	-0.1659174	-0.105382	0.1947033	0.09942777	-1.063209
	0.2986248	0.2178574	-0.6711555	-4.534817	-0.1821923	0.1977728	0.2075775	-1.360348	0.2954691	0.2398778	0.03084824	-0.0819899	0.03091849	0.1240334	-0.8707714
	0.2508896	0.173052	-0.5321309	-4.394492	-0.2060628	0.2186518	0.1658474	-1.802009	0.2414542	0.2708986	-0.03370718	-0.1607446	0.2004052	0.1220456	-0.6388393
	0.2605896	0.1787859	0.178786	-4.709324	-0.05215352	0.2699486	0.1823162	-1.269314	0.178786	0.3193914	-0.2794146	-0.1796046	-0.2683926	0.1661566	-0.8925842
	0.2694144	0.1829977	-0.4583508	-3.982856	-0.02475476	0.2411685	0.1726228	-0.640722	0.2518894	0.1608227	-0.1238178	-0.1809616	0.4696879	0.08913798	-0.8521975
	0.2308813	0.1859287	0.1859288	-4.349537	-0.08430186	0.1627575	0.1666679	-1.175552	0.1859288	0.3122012	-0.3010992	-0.3094022	0.5992222	0.1859287	-0.8022108
	0.2929068	0.1721203	-0.779132	-4.583228	-0.2763803	0.2151003	0.1734921	-1.323538	0.2583438	0.2486422	-0.1539255	-0.05368657	0.1439469	0.0774778	-0.9785291
	0.2996517	0.1749447	-0.5666426	-4.278819	-0.132953	0.2174783	0.1718635	-1.435545	0.267137	0.1893225	-0.1335303	-0.09449615	0.2921283	0.08524407	-0.5444982
	0.359703	0.2874514	-0.4138912	-4.26376	-0.2889585	0.3393426	0.2655571	-1.272071	0.3399089	0.3445687	-0.1154834	-0.06460485	0.3606387	0.2026718	-0.7415168
	0.2463162	0.2251091	-0.3666488	-3.886625	-0.1271933	0.2457231	0.2063281	-1.531904	0.3037292	0.2590476	-0.05988859	-0.1586128	0.5936769	0.2081591	-0.9625435
	0.2379264	0.1763463	-0.5059188	-4.129049	-0.1433721	0.1904666	0.170319	-0.6683243	0.258593	0.2201639	-0.1191368	-0.1217581	0.4946707	0.1189132	-0.8350592
	0.2984969	0.1724523	-0.6361672	-4.152014	-0.1376754	0.2367925	0.1725302	-1.20851	0.2480823	0.2284107	-0.06970238	-0.08727438	0.2609353	0.07405361	-0.9646361
	0.3031082	0.1775567	-0.615218	-4.265899	-0.1621295	0.2602787	0.1672496	-1.127064	0.2537907	0.204347	-0.09639534	-0.1735286	0.2032372	0.06721953	-0.7807056
	0.3922073	0.3869254	-0.2642101	-3.979852	0.04976065	0.3502778	0.3342569	-1.120978	0.4199692	0.2718729	0.02336733	0.05478099	0.6288638	0.322853	-0.6124559
	0.2475912	0.1736233	-0.4776988	-4.521082	-0.08867878	0.2829952	0.1595036	-0.9150099	0.2517612	0.2191345	-0.04265661	-0.1851837	0.08553249	0.09565431	-0.715306
	0.3120977	0.1762104	-0.7016273	-4.459256	-0.3239922	0.2592247	0.1741159	-0.8083352	0.2414001	0.1968058	-0.06814557	-0.1133494	0.3409042	0.04805782	-0.6311051
	0.2728042	0.1742061	-0.505171	-4.351977	-0.155334	0.2544686	0.1681588	-0.7410446	0.1958473	0.2828486	0.1345741	-0.08978671	-0.01800019	0.06438756	-1.026213
	0.3373927	0.1801973	-0.5891899	-4.381667	-0.06263187	0.2258534	0.1764829	-1.779658	0.2333209	0.2195396	0.158311	-0.1694136	0.01861218	0.05840818	-0.825799
	0.2365886	0.1852107	-0.4686636	-3.713547	-0.1309164	0.2376747	0.1697817	-1.172258	0.2508181	0.2094753	-0.1146163	-0.1707515	0.6236575	0.1094165	-0.9511191
	0.2926574	0.1802315	-0.6477584	-4.28018	-0.3136618	0.2277668	0.1603627	-1.513348	0.2542865	0.2573284	-0.137366	-0.191665	0.3077868	0.1414547	-0.8857759
	0.3493589	0.5179541	-0.4416071	-4.308296	0.1040169	0.02698552	0.3151964	-1.498568	0.4195684	0.1333072	-0.01191115	0.01136849	0.3583286	0.2345181	-0.9362849
	0.2969004	0.3573662	-0.2969729	-4.422152	-0.3039384	0.3387201	0.2820429	-0.9272597	0.3693048	0.1480325	0.001724062	0.04319227	0.5829422	0.2378909	-0.794241
	0.2850952	0.1819726	-0.4886632	-4.314039	-0.1882196	0.2476339	0.1665688	-1.53114	0.2239529	0.2721861	-0.08010518	-0.1676697	0.2202121	0.09577971	-1.081406
	0.3784778	0.1737543	-0.8731672	-4.671953	-0.1408566	0.2745737	0.1637764	-1.086145	0.265668	0.2421809	-0.2401308	-0.09106746	-0.04573829	0.09490095	-0.7646713
	0.3784636	0.1670172	-0.8590307	-4.754116	-0.1923871	0.2375185	0.1442881	-1.115647	0.2519848	0.2327745	-0.1492434	-0.2197855	-0.05405708	0.05103783	-0.7660638
	0.2688263	0.2282573	-0.4732703	-3.833692	-0.08151181	0.3049153	0.2188372	-1.054303	0.3232435	0.1951894	0.06065013	-0.02663345	0.5314539	0.1491536	-0.6235777
	0.2893898	0.1780826	-0.6295911	-4.373083	-0.2329967	0.2352112	0.1673475	-0.7491659	0.2520312	0.2136291	-0.09704857	-0.1389694	0.2480795	0.09312568	-0.7205878
	0.2264211	0.1766865	0.1766866	-4.424938	-0.06566841	0.2120058	0.1759239	-1.120491	0.1766867	0.2408294	-0.226966	-0.1888816	0.4047549	0.1766865	-0.576799
	0.3750335	0.1878519	-0.7634139	-4.597006	-0.05989429	0.2230781	0.1826582	-1.695422	0.2845382	0.2084449	-0.1670571	-0.09178643	-0.08553286	0.08581063	-0.4883764
	0.3052447	0.1885403	-0.6665325	-4.217246	-0.282796	0.2079632	0.184311	-1.456827	0.2662048	0.2691764	-0.09005506	-0.1254454	0.389113	0.07537117	-0.875993
	0.2265935	0.1745192	-0.4410536	-4.203025	-0.09828279	0.1860903	0.171832	-1.531324	0.2604381	0.1595623	-0.0445879	-0.1357744	0.3970423	0.1328946	-0.9727342
	0.2311317	0.1797551	0.1797551	-4.205185	-0.06794907	0.2201984	0.1776852	-0.4492746	0.1797551	0.2363405	-0.2593251	-0.226175	0.6119355	0.1797551	-0.7047404
	0.217945	0.182387	0.1823871	-4.385759	-0.1188603	0.2001887	0.1669217	-0.9904946	0.1823872	0.3121284	-0.1628387	-0.2949236	0.4921719	0.1823871	-0.5728314
	0.3031899	0.1867665	-0.560442	-4.280851	-0.1924797	0.2797123	0.1869663	-1.409642	0.2688324	0.1527893	-0.0763003	-0.05386199	0.2584831	0.1054078	-0.5789015
	0.2971087	0.189462	-0.8289658	-4.115342	-0.1867832	0.2247242	0.1781157	-1.233868	0.2907037	0.2113916	-0.06968367	-0.07590745	0.2736647	0.07773912	-0.643849
	0.3840704	0.2508416	-0.6411914	-4.402104	-0.394347	0.3074056	0.2177956	-1.548455	0.3274292	0.2869508	-0.007143977	-0.1092028	0.2921561	0.1319606	-0.5843367
	0.4186262	0.1742572	-0.9545856	-4.961975	-0.1749734	0.268397	0.1685273	-1.930149	0.2566603	0.2598985	-0.1289929	-0.1007378	-0.250881	0.02334303	-0.9195368
	0.2431483	0.1751999	-0.518816	-3.939998	-0.2720962	0.2468798	0.1560814	-0.5518368	0.2523052	0.2364739	-0.1985136	-0.1909904	0.5909481	0.1298364	-0.7502355
	0.3305564	0.2319615	-0.4678252	-4.287518	-0.1290948	0.271899	0.2275841	-1.486145	0.3116391	0.2836404	-0.1455818	-0.03912811	0.3030106	0.1566097	-0.9404789
	0.3094859	0.1664198	-0.6837089	-4.436158	-0.1047072	0.2066554	0.167306	-0.8929922	0.258595	0.2092632	-0.2356296	-0.02122075	0.1857997	0.08341426	-0.6999693
	0.2321527	0.1907725	0.1907725	-4.084244	-0.2691294	0.2583931	0.1773041	-0.9629576	0.1907726	0.204823	-0.3558269	-0.291496	1.01833	0.1907725	-0.9606487
	0.35101	0.1750755	-0.9719209	-4.363871	-0.06403045	0.2511538	0.1555893	-1.298673	0.2663704	0.1776751	-0.02229383	-0.1329041	0.07687923	0.03218246	-0.5383989
	0.2979124	0.182055	-0.5169425	-4.334866	-0.08727826	0.2808498	0.1823426	-0.7653987	0.2450318	0.2210348	-0.01992283	-0.08934037	0.1493639	0.07524415	-0.7914587
	0.2474642	0.1801291	-0.549316	-3.968542	-0.3282867	0.1636544	0.1633389	-1.389453	0.2758848	0.1964704	-0.1380729	-0.1720952	0.7099088	0.1381222	-0.7718709
	0.3015011	0.2163389	-0.560205	-4.025942	-0.159339	0.2538578	0.1959217	-1.270018	0.3049032	0.2935164	-0.09415222	-0.1077888	0.3660707	0.1531469	-0.7587368
	0.2514696	0.1819671	0.1819672	-4.474514	-0.09355698	0.2329488	0.1823483	-0.7006734	0.1819673	0.2701119	-0.3612214	-0.3008558	0.06749453	0.1764919	-0.5137153
	0.3418941	0.2025691	-0.7687512	-4.47251	-0.2563748	0.2891298	0.1928022	-2.004368	0.2971238	0.2666699	-0.1878756	-0.02364461	0.104584	0.1047785	-0.9472611
	0.2467553	0.1856681	0.1856683	-4.013293	-0.185321	0.2336479	0.1855495	-1.028723	0.1856682	0.1931186	-0.3478771	-0.2684447	0.5367377	0.1856681	-0.8872112
	0.2856998	0.1833592	-0.6040025	-4.478907	-0.1452895	0.2200971	0.1717867	-1.433515	0.2603003	0.313265	-0.2187079	-0.1377716	0.1116906	0.1410695	-0.7040537
	0.2809491	0.1820436	-0.6227922	-4.072887	-0.129222	0.2211405	0.181232	-1.368384	0.2866943	0.1784615	-0.22064	-0.1014102	0.4583787	0.1255885	-0.780897
	0.3099799	0.1833042	-0.5832162	-4.640102	-0.1361442	0.250499	0.1793929	-1.476343	0.2492077	0.2462367	0.001579958	-0.1136713	-0.1394446	0.07797897	-0.8297679
	0.2997756	0.2814174	0.267746	-4.684844	-0.01182227	0.2404563	0.267746	-0.7955699	0.2677463	0.2969947	-0.1027243	-0.1623868	0.9918088	0.2677461	-0.9270684
	0.2785886	0.2142956	-0.4409311	-4.064588	-0.2679272	0.2270484	0.1988825	-1.14383	0.2843714	0.2556341	-0.05663872	-0.1124767	0.5282521	0.1667758	-0.9271293
	0.3136681	0.175842	-0.6550109	-4.322404	-0.1533	0.1922077	0.1544212	-1.437347	0.2214853	0.2689452	0.07237997	-0.2424322	0.06185531	0.04676108	-0.7689794
	0.30044	0.1792743	-0.5289247	-4.371214	-0.01017815	0.246777	0.179738	-0.8767319	0.2477724	0.2642559	-0.1945286	0.02884174	-0.006497218	0.1095126	-0.6223165
	0.2580573	0.1887142	-0.4628409	-3.959537	-0.2740453	0.1719986	0.1835742	-1.114819	0.2570235	0.2661366	-0.06546595	-0.1025059	0.6444986	0.1256121	-0.3855755
	0.2521948	0.178753	-0.6843801	-4.023541	-0.2176753	0.2463491	0.1711089	-0.3652318	0.2528764	0.248213	0.1226071	-0.1295557	0.2869176	0.0700857	-0.7284923
	0.2731915	0.3315868	-0.3580219	-3.791608	-0.3885222	0.1404425	0.2667376	-0.962765	0.3292867	0.2794043	-0.05271617	-0.0915546	1.081636	0.1715832	-0.8033343
	0.2736968	0.1796007	-0.5528748	-4.045312	-0.169019	0.2203453	0.1783464	-0.6162274	0.2524556	0.2595966	-0.1594328	-0.00586392	0.3007382	0.09746775	-0.7627133
	0.2619436	0.1712188	0.1712189	-4.623303	-0.1464141	0.252577	0.1645941	-1.309726	0.1712188	0.208137	-0.4101306	-0.3334939	0.001295657	0.1654541	-0.7907329
	0.2355695	0.1788704	-0.394083	-3.957561	-0.1578073	0.1978981	0.15737	-1.570227	0.2623338	0.2370876	-0.1899861	-0.1598149	0.5750279	0.1585664	-0.811569
	0.2939718	0.1735812	-0.5070974	-4.372304	-0.1529043	0.2316714	0.1614612	-1.941859	0.240244	0.2017675	-0.1495258	-0.1853816	0.3200374	0.125055	-0.640723
	0.289274	0.1756176	-0.7741219	-4.279666	-0.2341506	0.1884618	0.1517419	-0.7426193	0.2655475	0.2139308	-0.154529	-0.1773867	0.4077482	0.1229348	-0.501735
	0.2951231	0.176028	-0.546274	-4.172643	-0.1061761	0.2144553	0.1652522	-1.334675	0.2510572	0.1670962	-0.1754724	-0.2034259	0.3387213	0.1311399	-0.7944616
	0.273614	0.1816231	0.1816093	-4.530774	-0.09973211	0.2673615	0.1864612	-1.262504	0.1816092	0.2553975	-0.3986591	-0.2169382	0.03301302	0.1475847	-0.6674804
	0.2834341	0.1822325	-0.687688	-4.087668	-0.3351481	0.219351	0.1605631	-1.389604	0.2614455	0.2137872	0.003188905	-0.2331408	0.5524228	0.1075903	-0.5462628
	0.2518085	0.180733	-0.4980265	-3.960579	-0.1461946	0.2499946	0.1781087	-0.6413336	0.2647425	0.2042933	-0.236181	-0.1042047	0.464579	0.1605823	-0.6683253
	0.1873859	0.1856972	0.1856952	-4.137246	-0.07841181	0.2245026	0.1795693	-0.8975221	0.1856952	0.2555771	-0.2089183	-0.2802363	0.714465	0.1856952	-0.734587
	0.2771987	0.181816	-0.8285905	-4.214968	-0.312056	0.2404562	0.1717006	-0.7249459	0.2734912	0.254525	-0.1637017	-0.1101174	0.5223472	0.1346292	-0.8052239
	0.2739128	0.210346	0.2088441	-4.61582	0.03522057	0.1932505	0.2127249	-1.117945	0.2088441	0.3480362	-0.2728701	-0.1633018	-0.1136382	0.185255	-0.5851703
	0.3361297	0.2232918	-0.4893906	-4.3099	-0.1344127	0.249162	0.2156937	-1.473426	0.2938431	0.3475927	-0.1483948	-0.05238849	0.2872217	0.1123315	-0.9150109
	0.2693841	0.1802485	0.1802486	-4.406919	0.005821875	0.2323151	0.1788502	-1.089977	0.1802488	0.262634	-0.2520823	-0.239085	0.2735989	0.1802486	-0.8083362
	0.3033726	0.1727435	-0.4919118	-4.743409	-0.2082009	0.284292	0.1689078	-2.040947	0.2338169	0.2640522	-0.1643067	-0.1160771	-0.005655561	0.1155885	-0.7410456
	0.2772481	0.1850892	-0.49969	-3.945803	-0.2505668	0.1916197	0.1836529	-0.5874748	0.258682	0.2549737	-0.1570382	-0.08240599	0.7082963	0.1129878	-0.3706859
	0.3451666	0.3405873	-0.5686598	-4.18233	-0.104804	-0.2237837	0.2922977	-1.43482	0.3676084	0.3554415	0.04680484	-0.005238392	0.4466305	0.1675515	-0.8237366
	0.2401339	0.2019829	0.201443	-4.324473	-0.01256947	0.1476367	0.2042237	-1.045861	0.201443	0.223353	-0.2646133	-0.253726	0.8254596	0.2014429	-0.7042729
	0.2758879	0.171246	-0.5163661	-4.316813	-0.1242449	0.1984062	0.1724113	-0.832243	0.2456714	0.2344826	-0.1869445	-0.06021985	0.2411506	0.1191888	-0.5127869
	0.4157535	0.1748341	-0.9239004	-4.755036	-0.08025015	0.2487111	0.1671331	-1.084351	0.2564085	0.2235475	-0.1917616	-0.163561	-0.2142589	0.06464064	-0.7672895
	0.2707173	0.1784715	-0.5994666	-3.938077	-0.1946225	0.2171854	0.1783341	-0.5560782	0.2520022	0.2049039	-0.05913604	-0.1037403	0.6040642	0.07458193	-1.086146
	0.2829084	0.194674	-0.706815	-4.105496	-0.3135198	0.2472963	0.1808803	-1.226654	0.2815214	0.2518952	-0.06325032	-0.1199618	0.4322794	0.1114911	-1.115648
	0.2608819	0.1865347	-0.7151413	-4.215541	-0.369795	0.3127875	0.1751285	-1.319401	0.2846012	0.1912246	-0.228099	-0.1450741	0.3353496	0.1315514	-0.3763236
	0.3531796	0.1786946	-0.9378931	-4.731746	-0.06802312	0.2200644	0.1641234	-1.664378	0.2721858	0.2361425	-0.06545188	-0.1276353	-0.1657495	0.04046915	-0.7491669
	0.3380053	0.1721472	-0.7145394	-4.703905	-0.1401855	0.2568502	0.1626796	-1.142379	0.2506844	0.2301596	-0.2211862	-0.1487249	-0.02612121	0.1137328	-0.5323527
	0.2163665	0.1827193	0.1827194	-4.208432	-0.3005745	0.1732116	0.1852841	-0.9972474	0.1827194	0.3044696	-0.3737924	-0.2516147	0.4526511	0.1636777	-0.7235705
